Date,Open,High,Low,Close,Adj Close,Volume
1998-01-02,5.953125,5.960938,5.84375,5.921875,4.7400269999999995,2535200
1998-01-05,5.945313,5.984375,5.875,5.882813,4.708762999999999,2972800
1998-01-06,5.851563,5.960938,5.84375,5.859375,4.69,4752000
1998-01-07,5.8125,5.828125,5.710938,5.734375,4.589947,3755200
1998-01-08,5.742188,5.75,5.59375,5.664063,4.5336669999999994,9238400
1998-01-09,5.679688,5.703125,5.429688,5.515625,4.414855,6803200
1998-01-12,5.4375,5.5,5.398438,5.5,4.402348,4814400
1998-01-13,5.5,5.664063,5.453125,5.640625,4.514908,6530400
1998-01-14,5.632813,5.734375,5.578125,5.734375,4.595551,2796800
1998-01-15,5.726563,5.734375,5.625,5.65625,4.5329440000000005,2866400
1998-01-16,5.710938,5.859375,5.6875,5.851563,4.689466,4572800
1998-01-20,5.84375,5.953125,5.84375,5.953125,4.77086,4119200
1998-01-21,5.90625,5.984375,5.828125,5.984375,4.795904,2860800
1998-01-22,5.953125,6.03125,5.898438,6.007813,4.814686,4505600
1998-01-23,6.007813,6.1875,6.007813,6.101563,4.889818,9362400
1998-01-26,6.101563,6.265625,6.078125,6.1875,4.958689,7089600
1998-01-27,6.15625,6.3125,6.15625,6.257813,5.015039,12258400
1998-01-28,6.25,6.273438,6.210938,6.242188,5.002516,9150400
1998-01-29,6.25,6.445313,6.21875,6.296875,5.046344,7400800
1998-01-30,6.296875,6.375,6.25,6.320313,5.065125,4436800
1998-02-02,6.367188,6.59375,6.367188,6.5703130000000005,5.265478,4043200
1998-02-03,6.546875,6.5546880000000005,6.46875,6.523438,5.227911,1778400
1998-02-04,6.507813,6.5625,6.445313,6.46875,5.184086,4208000
1998-02-05,6.546875,6.828125,6.539063,6.7890630000000005,5.440784,6890400
1998-02-06,6.78125,6.8515630000000005,6.734375,6.8515630000000005,5.490873000000001,5132800
1998-02-09,6.8671880000000005,7.0,6.8515630000000005,6.859375,5.497133,4891200
1998-02-10,6.875,7.0,6.8359380000000005,6.9296880000000005,5.553482,4079200
1998-02-11,6.890625,6.90625,6.5625,6.734375,5.396959,5612000
1998-02-12,6.734375,7.1015630000000005,6.7109380000000005,7.0859380000000005,5.6787,7397600
1998-02-13,7.0546880000000005,7.15625,6.921875,7.0625,5.659916,3665600
1998-02-17,7.0625,7.078125,6.9453130000000005,7.0,5.609829,3554400
1998-02-18,7.0,7.1015630000000005,6.9375,7.046875,5.647397,4158400
1998-02-19,7.0859380000000005,7.0859380000000005,6.9375,7.0,5.609829,2680800
1998-02-20,7.0078130000000005,7.0390630000000005,6.875,7.0390630000000005,5.6411370000000005,4184000
1998-02-23,7.25,7.5,7.25,7.3828130000000005,5.916617,11625600
1998-02-24,7.375,7.390625,7.21875,7.25,5.810181,8830400
1998-02-25,7.25,7.5625,7.234375,7.53125,6.035578,5769600
1998-02-26,7.4375,7.484375,7.3828130000000005,7.4609380000000005,5.979229,4434400
1998-02-27,7.4453130000000005,7.4453130000000005,7.3046880000000005,7.3046880000000005,5.854007,4388000
1998-03-02,7.359375,7.625,7.359375,7.625,6.110707,5376800
1998-03-03,7.6171880000000005,7.71875,7.5390630000000005,7.71875,6.185841,4504000
1998-03-04,7.71875,7.734375,7.6640630000000005,7.6875,6.1607959999999995,2704800
1998-03-05,7.65625,7.84375,7.59375,7.8125,6.260971,4355200
1998-03-06,7.875,8.203125,7.8671880000000005,8.125,6.51141,10427200
1998-03-09,8.125,8.421875,8.109375,8.34375,6.6867149999999995,10590400
1998-03-10,8.5,8.609375,8.421875,8.460938,6.780632000000001,9176800
1998-03-11,8.492188,8.5,8.375,8.4375,6.761847,12579200
1998-03-12,8.4375,8.773438,8.4375,8.6875,6.962198,9230400
1998-03-13,8.695313,8.742188,8.46875,8.523438,6.8307199999999995,5125600
1998-03-16,8.546875,8.648438,8.546875,8.570313,6.868284,4894400
1998-03-17,8.664063,8.765625,8.65625,8.679688,6.955938000000001,4878400
1998-03-18,8.679688,8.679688,8.5,8.523438,6.8307199999999995,4532000
1998-03-19,8.5,8.632813,8.46875,8.632813,6.918374000000001,6452800
1998-03-20,8.742188,8.890625,8.703125,8.867188,7.1062,7616000
1998-03-23,8.796875,8.796875,8.664063,8.703125,6.97472,5122400
1998-03-24,8.734375,8.78125,8.703125,8.75,7.012287,3006400
1998-03-25,8.835938,8.9375,8.765625,8.921875,7.150027000000001,8436800
1998-03-26,8.90625,9.171875,8.882813,9.054688,7.2564660000000005,8369600
1998-03-27,9.0625,9.0625,8.71875,8.859375,7.0999419999999995,8559200
1998-03-30,8.820313,8.84375,8.710938,8.773438,7.0310690000000005,3806400
1998-03-31,8.773438,8.960938,8.71875,8.773438,7.0310690000000005,7530400
1998-04-01,8.804688,8.804688,8.59375,8.671875,6.949679,6780000
1998-04-02,8.671875,8.671875,8.484375,8.570313,6.868284,6159200
1998-04-03,8.578125,8.78125,8.546875,8.71875,6.987247,7348800
1998-04-06,8.6875,8.742188,8.445313,8.445313,6.768108,5240000
1998-04-07,8.4375,8.445313,8.242188,8.265625,6.624109,5395200
1998-04-08,8.25,8.335938,8.171875,8.1875,6.561499,4044000
1998-04-09,8.3125,8.578125,8.28125,8.460938,6.780632000000001,9541600
1998-04-13,8.523438,8.78125,8.523438,8.695313,6.968464999999999,8623200
1998-04-14,8.625,8.640625,8.460938,8.476563,6.7931539999999995,6387200
1998-04-15,8.492188,8.65625,8.460938,8.539063,6.848801,9597600
1998-04-16,8.484375,8.5,8.375,8.390625,6.729747,4870400
1998-04-17,8.4375,8.523438,8.398438,8.476563,6.798674,5428000
1998-04-20,8.445313,8.5625,8.320313,8.476563,6.798674,7264800
1998-04-21,8.4375,8.59375,8.335938,8.59375,6.892664,5670400
1998-04-22,8.6875,8.890625,8.6875,8.875,7.118239999999999,12219200
1998-04-23,8.78125,8.898438,8.640625,8.726563,6.999184,4833600
1998-04-24,8.703125,8.710938,8.515625,8.5625,6.867597,4562400
1998-04-27,8.4375,8.445313,8.15625,8.242188,6.610691,5273600
1998-04-28,8.375,8.5,8.078125,8.140625,6.529232,7649600
1998-04-29,8.28125,8.414063,8.25,8.28125,6.642017999999999,7746400
1998-04-30,8.5,8.78125,8.453125,8.742188,7.0117199999999995,5929600
1998-05-01,8.75,8.75,8.484375,8.695313,6.974123,4587200
1998-05-04,8.734375,8.742188,8.625,8.664063,6.949053999999999,4318400
1998-05-05,8.601563,8.71875,8.554688,8.625,6.917728,4631200
1998-05-06,8.664063,8.734375,8.625,8.734375,7.00545,5372000
1998-05-07,8.75,8.75,8.5625,8.578125,6.88013,5828800
1998-05-08,8.601563,8.671875,8.421875,8.46875,6.792407000000001,4510400
1998-05-11,8.5,8.695313,8.5,8.65625,6.942792999999999,6176800
1998-05-12,8.65625,8.84375,8.609375,8.8125,7.068114,7715200
1998-05-13,8.875,9.117188,8.84375,9.09375,7.293692999999999,6768000
1998-05-14,9.03125,9.070313,8.953125,9.054688,7.262357000000001,4938400
1998-05-15,9.21875,9.351563,9.21875,9.304688,7.462876,7964800
1998-05-18,9.304688,9.304688,8.96875,9.046875,7.256094,8796800
1998-05-19,9.367188,9.4375,9.25,9.28125,7.444076,11401600
1998-05-20,9.429688,9.484375,9.21875,9.265625,7.431543,10203200
1998-05-21,9.304688,9.523438,9.304688,9.492188,7.6132610000000005,5445600
1998-05-22,9.492188,9.695313,9.492188,9.585938,7.688453,5507200
1998-05-26,9.828125,9.898438,9.78125,9.796875,7.857635,7012800
1998-05-27,9.703125,9.796875,9.617188,9.679688,7.763649000000001,9887200
1998-05-28,9.6875,9.726563,9.59375,9.71875,7.794973,7575200
1998-05-29,9.875,10.015625,9.742188,9.898438,7.939091,8969600
1998-06-01,10.03125,10.125,9.976563,9.992188,8.014288,10836000
1998-06-02,10.046875,10.101563,9.679688,9.742188,7.813772999999999,8084000
1998-06-03,9.734375,9.835938,9.6875,9.75,7.820035000000001,7918400
1998-06-04,9.875,9.875,9.78125,9.851563,7.901501,8471200
1998-06-05,9.867188,10.203125,9.867188,10.203125,8.183469,8663200
1998-06-08,10.28125,10.40625,10.1875,10.289063,8.252398,7881600
1998-06-09,10.28125,10.484375,10.171875,10.445313,8.377718,4745600
1998-06-10,10.445313,10.601563,10.351563,10.4375,8.371452,5720000
1998-06-11,10.429688,10.554688,10.375,10.375,8.321321000000001,3430400
1998-06-12,10.359375,10.367188,10.085938,10.25,8.221067,5890400
1998-06-15,10.03125,10.125,9.90625,9.90625,7.945358000000001,5210400
1998-06-16,10.0,10.0625,9.890625,10.0625,8.070682000000001,4448000
1998-06-17,10.078125,10.25,10.078125,10.25,8.221067,5151200
1998-06-18,10.296875,10.53125,10.25,10.476563,8.402782,5568000
1998-06-19,10.492188,10.515625,10.195313,10.210938,8.189739,3641600
1998-06-22,10.234375,10.554688,10.234375,10.53125,8.446645,4492800
1998-06-23,10.59375,10.671875,10.34375,10.460938,8.390249,6656800
1998-06-24,10.460938,10.671875,10.414063,10.65625,8.546902000000001,6698400
1998-06-25,10.703125,10.75,10.460938,10.460938,8.390249,3862400
1998-06-26,10.46875,10.523438,10.4375,10.460938,8.390249,3075200
1998-06-29,10.515625,10.546875,10.375,10.453125,8.383984,3970800
1998-06-30,10.4375,10.453125,10.0625,10.140625,8.133344000000001,4414400
1998-07-01,10.359375,10.5,10.1875,10.5,8.421579,3154000
1998-07-02,10.671875,10.6875,10.4375,10.46875,8.396514,3941200
1998-07-06,10.5625,11.03125,10.5,11.0,8.822608,6437600
1998-07-07,11.015625,11.546875,10.875,11.15625,8.947931,8187600
1998-07-08,11.3125,11.34375,11.078125,11.28125,9.048188,5973200
1998-07-09,11.203125,11.203125,10.75,10.75,8.622092,8398000
1998-07-10,10.796875,10.9375,10.359375,10.546875,8.459178,14831200
1998-07-13,10.6875,10.703125,10.375,10.484375,8.409047,9110000
1998-07-14,10.421875,10.65625,10.40625,10.609375,8.509309,6137600
1998-07-15,10.65625,10.8125,10.25,10.265625,8.282391,9688800
1998-07-16,10.328125,10.46875,10.1875,10.453125,8.433667999999999,6435200
1998-07-17,10.46875,10.65625,10.375,10.453125,8.433667999999999,5058400
1998-07-20,10.375,10.5,10.21875,10.40625,8.395853,5215200
1998-07-21,10.4375,10.484375,9.75,9.90625,7.992445,6099200
1998-07-22,9.875,10.265625,9.75,10.25,8.269782000000001,5228400
1998-07-23,10.21875,10.21875,9.5625,9.59375,7.740317999999999,4518800
1998-07-24,9.671875,9.78125,8.859375,9.609375,7.752923,11276800
1998-07-27,9.5,9.6875,9.328125,9.5625,7.715101,3709600
1998-07-28,9.5625,9.578125,9.0,9.140625,7.374728999999999,9192000
1998-07-29,9.203125,9.703125,9.203125,9.3125,7.513402,5566000
1998-07-30,9.4375,9.765625,9.40625,9.75,7.86638,5740000
1998-07-31,9.78125,9.90625,9.5,9.625,7.765528999999999,4940800
1998-08-03,9.46875,9.53125,9.359375,9.4375,7.614255,2824800
1998-08-04,9.484375,9.484375,8.8125,8.828125,7.1226020000000005,6132400
1998-08-05,8.875,8.953125,8.3125,8.75,7.059571000000001,7596000
1998-08-06,8.875,9.765625,8.859375,9.578125,7.7277070000000005,7814000
1998-08-07,9.734375,10.015625,9.5625,9.765625,7.878989,5365200
1998-08-10,9.890625,9.890625,9.59375,9.640625,7.778135000000001,2748000
1998-08-11,9.3125,9.5,9.109375,9.203125,7.425160000000001,4102800
1998-08-12,9.203125,9.609375,9.203125,9.546875,7.702499,4654000
1998-08-13,9.5,9.6875,9.375,9.59375,7.740317999999999,3222000
1998-08-14,9.53125,9.875,9.21875,9.421875,7.601642999999999,3939600
1998-08-17,9.390625,9.859375,9.375,9.734375,7.853775,4214800
1998-08-18,9.875,10.09375,9.828125,10.03125,8.09329,7091600
1998-08-19,10.125,10.375,9.765625,9.890625,7.979837,6356800
1998-08-20,9.625,10.171875,9.625,9.875,7.967229,4178000
1998-08-21,9.8125,9.890625,9.640625,9.875,7.967229,4900400
1998-08-24,9.875,10.34375,9.875,10.1875,8.219358,6257200
1998-08-25,10.296875,10.578125,10.296875,10.5625,8.521911,7745200
1998-08-26,10.4375,10.609375,10.328125,10.453125,8.433667999999999,5100800
1998-08-27,10.046875,10.21875,9.765625,9.90625,7.992445,7295200
1998-08-28,9.765625,9.984375,9.578125,9.65625,7.790742999999999,4846400
1998-08-31,9.671875,9.6875,8.5625,8.765625,7.072175,6650000
1998-09-01,8.625,9.59375,7.90625,9.4375,7.614255,17748800
1998-09-02,9.125,9.3125,8.890625,8.921875,7.198243,7160800
1998-09-03,8.75,9.171875,8.59375,8.75,7.059571000000001,7494400
1998-09-04,8.703125,8.71875,7.796875,8.046875,6.4922830000000005,12825600
1998-09-08,8.84375,8.953125,8.40625,8.75,7.059571000000001,8936000
1998-09-09,8.71875,8.78125,8.46875,8.75,7.059571000000001,4942400
1998-09-10,8.5,8.765625,8.25,8.5625,6.908294000000001,4870400
1998-09-11,8.375,9.21875,8.375,9.21875,7.437764,5125200
1998-09-14,9.28125,9.796875,9.1875,9.296875,7.500796,7205200
1998-09-15,9.359375,9.578125,9.171875,9.296875,7.500796,4446000
1998-09-16,9.234375,9.59375,9.21875,9.453125,7.626860000000001,3992000
1998-09-17,8.984375,9.265625,8.9375,9.234375,7.450373,3147200
1998-09-18,9.25,9.296875,9.015625,9.203125,7.425160000000001,2784400
1998-09-21,8.96875,9.25,8.765625,9.25,7.462975,2618800
1998-09-22,9.34375,9.484375,9.25,9.375,7.563827000000001,2990000
1998-09-23,9.359375,9.546875,9.25,9.53125,7.689889999999999,5285600
1998-09-24,8.8125,8.953125,8.4375,8.609375,6.946113,17309200
1998-09-25,8.53125,8.84375,8.5,8.734375,7.046964,6547600
1998-09-28,8.75,8.78125,8.234375,8.375,6.7570190000000006,10377200
1998-09-29,8.375,8.390625,7.984375,8.140625,6.5679240000000005,9003600
1998-09-30,7.96875,8.046875,7.84375,7.953125,6.416646,5824800
1998-10-01,7.625,7.65625,7.21875,7.65625,6.177127,6744400
1998-10-02,7.640625,7.8125,7.171875,7.46875,6.025849,11239200
1998-10-05,7.421875,7.515625,7.03125,7.03125,5.672869,8376800
1998-10-06,7.28125,7.484375,7.046875,7.0625,5.698084,9157600
1998-10-07,7.09375,7.234375,6.71875,6.921875,5.584624,5649200
1998-10-08,6.5,6.59375,5.96875,6.234375,5.029945,10804400
1998-10-09,6.375,6.65625,6.125,6.625,5.345105,14998000
1998-10-12,6.875,7.28125,6.828125,7.15625,5.773722,4940400
1998-10-13,7.09375,7.53125,6.9375,7.4375,6.0006379999999995,5222000
1998-10-14,7.375,8.046875,7.375,7.984375,6.448362,6552400
1998-10-15,7.921875,8.671875,7.65625,8.21875,6.637652,6663600
1998-10-16,8.71875,8.8125,7.953125,7.96875,6.435741999999999,12474800
1998-10-19,8.0,8.390625,8.0,8.28125,6.688122,7726400
1998-10-20,8.5,8.8125,8.484375,8.6875,7.016222,8455600
1998-10-21,8.65625,8.890625,8.3125,8.515625,6.87741,6984400
1998-10-22,8.515625,8.765625,8.375,8.625,6.965744,5798400
1998-10-23,8.609375,8.75,8.359375,8.359375,6.751218,3325600
1998-10-26,8.40625,8.4375,8.109375,8.140625,6.574553,3897200
1998-10-27,8.34375,8.5,8.1875,8.28125,6.688122,5143200
1998-10-28,8.359375,8.65625,8.15625,8.625,6.965744,4773600
1998-10-29,8.703125,8.75,8.5625,8.71875,7.041461,4179600
1998-10-30,8.25,8.484375,8.15625,8.4375,6.814313,8664800
1998-11-02,8.453125,9.0,8.28125,8.90625,7.192888000000001,6582000
1998-11-03,8.921875,8.9375,8.484375,8.609375,6.953125,4351200
1998-11-04,8.8125,8.890625,8.671875,8.6875,7.016222,4372800
1998-11-05,8.765625,9.359375,8.703125,9.28125,7.495747,6708400
1998-11-06,9.25,9.421875,9.140625,9.296875,7.5083649999999995,5481600
1998-11-09,9.234375,9.25,8.921875,9.015625,7.281221,2511200
1998-11-10,9.109375,9.46875,9.078125,9.25,7.470513,4926800
1998-11-11,9.46875,9.609375,9.375,9.578125,7.735512,4082800
1998-11-12,9.578125,9.734375,9.46875,9.703125,7.836461999999999,4488000
1998-11-13,9.640625,9.734375,9.40625,9.5625,7.722892999999999,2953600
1998-11-16,9.78125,9.859375,9.5625,9.71875,7.849086,4596800
1998-11-17,9.625,9.984375,9.453125,9.6875,7.823842999999999,6326400
1998-11-18,9.71875,10.078125,9.6875,10.046875,8.114084,5162000
1998-11-19,10.015625,10.15625,9.890625,9.90625,8.000515,5024800
1998-11-20,9.90625,9.921875,9.6875,9.890625,7.987893,4514400
1998-11-23,10.21875,10.34375,10.09375,10.3125,8.328606,12253200
1998-11-24,10.59375,10.59375,10.078125,10.25,8.278131,9336800
1998-11-25,10.25,10.8125,10.25,10.78125,8.707180000000001,9111600
1998-11-27,10.84375,10.96875,10.765625,10.890625,8.795515,2659200
1998-11-30,10.890625,11.0,10.4375,10.5625,8.530516,6884000
1998-12-01,10.515625,10.703125,10.265625,10.6875,8.631472,7003200
1998-12-02,10.75,10.984375,10.71875,10.984375,8.871227000000001,5552000
1998-12-03,11.140625,11.21875,11.015625,11.109375,8.972187,13110800
1998-12-04,11.140625,11.265625,11.046875,11.25,9.08575,6576400
1998-12-07,11.25,11.515625,11.25,11.5,9.287658,4058000
1998-12-08,11.546875,11.734375,11.390625,11.546875,9.325519,4946000
1998-12-09,11.484375,11.515625,11.28125,11.5,9.287658,3909200
1998-12-10,11.375,11.40625,11.171875,11.28125,9.110992999999999,4177600
1998-12-11,11.265625,11.265625,10.84375,10.953125,8.845991999999999,4914000
1998-12-14,10.90625,10.90625,10.5625,10.59375,8.555752,6042400
1998-12-15,10.59375,10.921875,10.46875,10.890625,8.795515,7719600
1998-12-16,10.953125,11.25,10.90625,11.1875,9.03528,5673200
1998-12-17,11.171875,11.359375,11.109375,11.234375,9.073136,4731200
1998-12-18,11.265625,11.578125,11.234375,11.5,9.287658,5008000
1998-12-21,11.5,11.921875,11.46875,11.84375,9.565278,5181200
1998-12-22,11.96875,12.15625,11.9375,12.09375,9.767180999999999,5968400
1998-12-23,12.15625,12.59375,12.125,12.578125,10.158377999999999,5616000
1998-12-24,12.546875,12.6875,12.546875,12.5625,10.145759,1826400
1998-12-28,12.734375,12.734375,12.625,12.6875,10.246711,3255600
1998-12-29,12.78125,12.984375,12.734375,12.78125,10.322427000000001,3942000
1998-12-30,12.984375,13.046875,12.875,12.921875,10.435994,4043200
1998-12-31,12.859375,12.9375,12.734375,12.796875,10.335049,3134000
1999-01-04,12.875,13.03125,12.640625,12.703125,10.259333999999999,5365600
1999-01-05,12.65625,12.734375,12.625,12.71875,10.271953,6133600
1999-01-06,12.796875,13.203125,12.796875,13.0625,10.549567,8845600
1999-01-07,13.3125,13.6875,13.296875,13.453125,10.865051,16363200
1999-01-08,13.515625,13.78125,13.515625,13.671875,11.041716000000001,8749600
1999-01-11,13.6875,13.96875,13.25,13.3125,10.751478,8989600
1999-01-12,13.34375,13.34375,13.0625,13.296875,10.738856,5409200
1999-01-13,12.796875,13.171875,12.796875,12.921875,10.441885000000001,6256400
1999-01-14,12.953125,13.171875,12.78125,12.84375,10.378761,5674000
1999-01-15,12.984375,13.125,12.640625,12.65625,10.227242,5656000
1999-01-19,12.84375,12.9375,12.734375,12.796875,10.340878,6233600
1999-01-20,12.796875,13.203125,12.640625,13.046875,10.542899,7233600
1999-01-21,13.109375,13.109375,12.734375,12.90625,10.429262,6608400
1999-01-22,12.890625,13.390625,12.875,13.203125,10.669159,6862800
1999-01-25,13.328125,13.359375,13.09375,13.3125,10.757545,3925600
1999-01-26,13.3125,13.375,13.109375,13.34375,10.782797,3710400
1999-01-27,13.40625,13.796875,13.140625,13.5,10.909059,7066400
1999-01-28,13.65625,14.25,13.65625,14.09375,11.388853999999998,5684400
1999-01-29,14.09375,14.6875,14.015625,14.578125,11.780271,4953200
1999-02-01,14.640625,14.671875,14.21875,14.265625,11.527743,5378000
1999-02-02,14.28125,14.375,13.71875,14.0,11.313095,4350400
1999-02-03,13.9375,14.3125,13.875,14.09375,11.388853999999998,4328400
1999-02-04,14.15625,14.34375,13.96875,14.03125,11.33835,4059200
1999-02-05,14.015625,14.140625,13.609375,13.75,11.111073,4160800
1999-02-08,13.859375,13.859375,13.453125,13.484375,10.896431,3523200
1999-02-09,13.484375,13.5,13.203125,13.21875,10.681787,3164400
1999-02-10,13.234375,13.234375,12.875,13.125,10.606028,3008800
1999-02-11,13.1875,13.796875,13.125,13.671875,11.047947,7791200
1999-02-12,13.734375,14.078125,13.46875,13.5,10.909059,4917600
1999-02-16,13.5,13.828125,13.390625,13.625,11.010067999999999,4410400
1999-02-17,13.484375,14.0,13.375,13.421875,10.845925999999999,6167200
1999-02-18,13.484375,13.890625,13.46875,13.84375,11.186836,5176000
1999-02-19,13.90625,14.265625,13.890625,14.265625,11.527743,6797200
1999-02-22,14.46875,14.671875,14.046875,14.609375,11.805517,7167200
1999-02-23,14.71875,14.75,14.09375,14.140625,11.426732000000001,6717200
1999-02-24,14.359375,14.6875,14.21875,14.625,11.818146,8080800
1999-02-25,14.78125,15.0,14.546875,14.734375,11.906532,35147200
1999-02-26,14.796875,15.015625,14.59375,14.828125,11.982289,10984400
1999-03-01,14.75,14.859375,14.6875,14.828125,11.982289,5591600
1999-03-02,14.9375,15.21875,14.875,14.90625,12.045415,11211600
1999-03-03,14.9375,15.09375,14.84375,14.9375,12.070671,6803200
1999-03-04,14.9375,15.171875,14.671875,14.828125,11.982289,5913600
1999-03-05,15.0625,15.5,15.0625,15.5,12.525215,6668800
1999-03-08,15.484375,15.84375,15.421875,15.6875,12.676725,5458800
1999-03-09,15.75,16.265625,15.71875,15.921875,12.866118,7933200
1999-03-10,16.09375,16.21875,15.9375,16.21875,13.106027000000001,4903200
1999-03-11,16.21875,16.609375,16.203125,16.28125,13.156523000000002,6257200
1999-03-12,16.5,16.5625,15.8125,16.21875,13.106027000000001,7865200
1999-03-15,16.234375,16.234375,15.90625,16.046875,12.967134,4813200
1999-03-16,16.03125,16.03125,15.5625,15.65625,12.651475999999999,4990400
1999-03-17,15.59375,15.609375,15.15625,15.515625,12.53784,6517200
1999-03-18,15.46875,16.28125,15.453125,16.234375,13.118647,6154800
1999-03-19,16.234375,16.296875,15.71875,15.9375,12.878748,5714000
1999-03-22,15.6875,15.734375,15.265625,15.34375,12.398955,3938400
1999-03-23,15.359375,15.453125,14.765625,14.84375,11.994911,7198800
1999-03-24,14.875,15.078125,14.8125,15.0,12.121179,5692800
1999-03-25,15.28125,15.875,15.15625,15.84375,12.802996,6538400
1999-03-26,15.65625,16.09375,15.546875,15.953125,12.891376,4077600
1999-03-29,16.125,16.234375,15.890625,16.171875,13.068146,3930000
1999-03-30,16.171875,16.1875,15.90625,16.0,12.929255,2548800
1999-03-31,16.09375,16.171875,15.09375,15.125,12.222187,5062000
1999-04-01,15.375,15.78125,15.265625,15.328125,12.386329,6912000
1999-04-05,15.34375,15.90625,15.3125,15.890625,12.840869,3298000
1999-04-06,15.890625,16.0,15.3125,15.46875,12.499964,5364000
1999-04-07,15.5625,15.6875,15.359375,15.40625,12.449459,4735200
1999-04-08,15.46875,16.046875,15.34375,16.046875,12.967134,7256800
1999-04-09,16.0,16.234375,15.890625,16.078125,12.992386999999999,2766400
1999-04-12,15.859375,16.375,15.828125,16.078125,12.992386999999999,4952000
1999-04-13,16.125,16.171875,15.78125,16.0,12.929255,4935200
1999-04-14,15.96875,16.171875,15.09375,15.25,12.328975999999999,8210800
1999-04-15,15.25,15.296875,14.578125,14.640625,11.836322000000001,7840400
1999-04-16,14.625,14.796875,14.4375,14.5,11.722633,6900400
1999-04-19,14.4375,14.75,13.8125,13.859375,11.204718,7289200
1999-04-20,13.890625,14.59375,13.796875,14.046875,11.3563,8325200
1999-04-21,13.90625,14.65625,13.90625,14.65625,11.848952,7154400
1999-04-22,14.921875,14.96875,14.671875,14.828125,11.987906,4185200
1999-04-23,14.859375,14.9375,14.625,14.890625,12.038434,3946800
1999-04-26,14.796875,14.9375,14.296875,14.296875,11.558411999999999,3901200
1999-04-27,14.359375,14.546875,14.0,14.015625,11.331032,9872800
1999-04-28,14.03125,14.3125,13.90625,14.0,11.318404,8146800
1999-04-29,14.0,14.0,13.0,13.0625,10.560472,13706400
1999-04-30,13.25,13.421875,12.828125,13.1875,10.661532000000001,12199200
1999-05-03,13.1875,13.71875,13.1875,13.421875,10.851014,6236000
1999-05-04,13.609375,13.609375,13.25,13.3125,10.76259,4535200
1999-05-05,13.75,13.75,13.046875,13.265625,10.724692999999998,4200400
1999-05-06,13.25,13.421875,13.0,13.1875,10.661532000000001,3307200
1999-05-07,13.25,13.75,13.25,13.640625,11.027865,4983600
1999-05-10,13.578125,13.625,13.34375,13.484375,10.901542,3853200
1999-05-11,13.9375,14.078125,13.75,13.90625,11.242608,4979200
1999-05-12,13.9375,14.109375,13.71875,13.734375,11.103659,3513200
1999-05-13,14.0,14.0625,13.75,13.96875,11.293142999999999,3328000
1999-05-14,13.796875,13.8125,13.515625,13.78125,11.141552,4726000
1999-05-17,13.875,13.921875,13.046875,13.671875,11.053131,6869600
1999-05-18,13.8125,14.21875,13.0,13.234375,10.69943,10505600
1999-05-19,13.609375,13.609375,12.875,13.0625,10.560472,6001200
1999-05-20,13.265625,13.5625,13.15625,13.4375,10.863647,6057600
1999-05-21,13.375,13.796875,13.375,13.46875,10.888906,5433200
1999-05-24,13.40625,13.5,12.734375,12.984375,10.497311999999999,4704000
1999-05-25,13.09375,13.375,12.890625,12.953125,10.472048,5648800
1999-05-26,12.96875,13.234375,12.65625,13.1875,10.661532000000001,5357600
1999-05-27,13.25,13.359375,12.703125,12.765625,10.320462,4494000
1999-05-28,13.0,13.0625,12.75,12.921875,10.446785,5262000
1999-06-01,12.875,12.921875,12.4375,12.65625,10.232038000000001,5297600
1999-06-02,12.71875,12.75,12.421875,12.640625,10.219408,4925600
1999-06-03,12.75,13.421875,12.75,13.3125,10.76259,5830400
1999-06-04,13.375,14.171875,13.375,14.0,11.318404,5168400
1999-06-07,13.71875,13.875,13.515625,13.625,11.015232000000001,3764000
1999-06-08,13.5625,13.640625,13.34375,13.375,10.81312,2850800
1999-06-09,13.375,13.421875,13.25,13.28125,10.737326,4237200
1999-06-10,13.3125,13.359375,13.140625,13.28125,10.737326,3068800
1999-06-11,13.28125,13.734375,13.28125,13.6875,11.065760000000001,4356800
1999-06-14,13.6875,14.15625,13.640625,13.6875,11.065760000000001,4318400
1999-06-15,13.5,13.640625,13.3125,13.484375,10.901542,5331600
1999-06-16,13.421875,13.796875,13.421875,13.734375,11.103659,4038800
1999-06-17,13.703125,14.078125,13.703125,13.921875,11.255245,4490400
1999-06-18,13.75,13.84375,13.59375,13.8125,11.166815,5680000
1999-06-21,13.9375,13.984375,13.765625,13.90625,11.242608,3888800
1999-06-22,13.65625,14.015625,13.5,13.984375,11.305773,2837200
1999-06-23,13.875,13.96875,13.703125,13.84375,11.192082000000001,2536400
1999-06-24,13.75,13.828125,13.328125,13.484375,10.901542,4882800
1999-06-25,13.59375,13.6875,13.5,13.5,10.914173,2963200
1999-06-28,13.5,13.890625,13.484375,13.84375,11.192082000000001,2942000
1999-06-29,13.828125,14.25,13.765625,14.171875,11.457355999999999,4970800
1999-06-30,14.171875,14.25,13.90625,14.171875,11.457355999999999,4866800
1999-07-01,14.15625,14.1875,13.8125,14.0,11.318404,3426000
1999-07-02,13.9375,14.109375,13.796875,14.078125,11.381565,2431200
1999-07-06,13.828125,14.359375,13.8125,14.125,11.419458,3869200
1999-07-07,14.1875,14.71875,14.1875,14.71875,11.899481,5570800
1999-07-08,14.484375,14.859375,14.40625,14.546875,11.760530000000001,4162000
1999-07-09,14.46875,14.75,14.40625,14.734375,11.912111,2087200
1999-07-12,14.703125,14.84375,14.515625,14.84375,12.000542999999999,2565600
1999-07-13,14.65625,14.671875,14.4375,14.5,11.722633,3738000
1999-07-14,14.515625,14.578125,14.25,14.40625,11.652867,2751200
1999-07-15,14.375,14.921875,14.375,14.859375,12.019386,4991200
1999-07-16,14.96875,14.984375,14.8125,14.84375,12.006747,4242800
1999-07-19,14.90625,15.0,14.8125,14.921875,12.069939999999999,3500400
1999-07-20,14.96875,14.984375,14.375,14.578125,11.791888,5331200
1999-07-21,14.546875,14.78125,14.015625,14.328125,11.589669,4650800
1999-07-22,14.328125,14.421875,13.765625,13.9375,11.273705999999999,2500400
1999-07-23,13.90625,14.046875,13.53125,13.875,11.223152,3168800
1999-07-26,13.65625,13.8125,13.53125,13.53125,10.945099,3022400
1999-07-27,13.578125,13.796875,13.40625,13.421875,10.856627,4285200
1999-07-28,13.40625,13.875,13.296875,13.859375,11.210511,4502800
1999-07-29,13.578125,13.703125,13.28125,13.4375,10.869268,3861600
1999-07-30,13.5625,13.625,13.125,13.1875,10.667050999999999,4121200
1999-08-02,12.96875,13.296875,12.796875,12.8125,10.363719999999999,5770000
1999-08-03,12.828125,12.9375,12.53125,12.65625,10.237333999999999,6908400
1999-08-04,12.5625,12.609375,11.828125,12.015625,9.71915,12074000
1999-08-05,12.0625,12.0625,11.625,11.71875,9.479011,8762000
1999-08-06,11.71875,11.984375,11.5,11.546875,9.339985,7354800
1999-08-09,11.578125,11.578125,11.171875,11.25,9.099855,7319600
1999-08-10,11.15625,11.6875,10.875,11.65625,9.428458000000001,10239200
1999-08-11,11.734375,11.796875,11.515625,11.75,9.50429,5708000
1999-08-12,12.0625,12.21875,11.9375,12.125,9.80762,10952800
1999-08-13,12.46875,12.609375,12.328125,12.484375,10.098311,4834000
1999-08-16,12.46875,12.46875,11.96875,12.3125,9.959285000000001,8988800
1999-08-17,12.453125,12.5,12.21875,12.21875,9.883450999999999,7265600
1999-08-18,12.21875,12.359375,12.015625,12.171875,9.845535,4317600
1999-08-19,12.09375,12.171875,11.890625,12.0625,9.757064,3450400
1999-08-20,12.109375,12.171875,11.96875,12.03125,9.731789,2898800
1999-08-23,12.046875,12.15625,11.90625,12.078125,9.769705,6676000
1999-08-24,12.0,12.03125,11.71875,11.90625,9.630673,9392800
1999-08-25,11.90625,12.09375,11.796875,12.03125,9.731789,9460000
1999-08-26,12.0625,12.09375,11.765625,11.8125,9.554841,5706000
1999-08-27,11.8125,11.890625,11.765625,11.875,9.605402999999999,3576800
1999-08-30,11.875,11.984375,11.59375,11.671875,9.441096,4232800
1999-08-31,11.609375,11.6875,11.25,11.3125,9.150406,5603200
1999-09-01,11.25,11.40625,11.046875,11.34375,9.175687,5104800
1999-09-02,11.234375,11.25,11.0,11.109375,8.986101,4187600
1999-09-03,11.59375,11.96875,11.5,11.78125,9.529563000000001,5782400
1999-09-07,11.8125,11.890625,11.46875,11.5625,9.352625,3633600
1999-09-08,11.375,11.421875,11.0625,11.125,8.998738000000001,7641600
1999-09-09,11.15625,11.25,10.984375,11.171875,9.036662,9455600
1999-09-10,11.5,11.90625,11.390625,11.734375,9.49165,12518400
1999-09-13,11.671875,11.9375,11.53125,11.71875,9.479011,5533200
1999-09-14,11.75,12.046875,11.75,11.875,9.605402999999999,7628800
1999-09-15,11.96875,12.234375,11.90625,12.0625,9.757064,8200400
1999-09-16,12.0,12.09375,11.515625,11.875,9.605402999999999,7610800
1999-09-17,11.875,12.125,11.8125,11.875,9.605402999999999,7326800
1999-09-20,11.90625,12.0625,11.796875,11.953125,9.668598,4306800
1999-09-21,11.828125,11.828125,11.234375,11.296875,9.137768,7075600
1999-09-22,11.3125,11.34375,10.90625,11.203125,9.061936,8315600
1999-09-23,11.21875,11.21875,10.75,10.75,8.695414999999999,12546800
1999-09-24,10.765625,11.46875,10.765625,11.234375,9.087214,8136400
1999-09-27,11.5625,11.84375,11.5,11.609375,9.390541,8124400
1999-09-28,11.546875,11.734375,11.46875,11.65625,9.428458000000001,6090800
1999-09-29,11.71875,12.0625,11.640625,11.796875,9.542208,6656400
1999-09-30,11.8125,12.21875,11.8125,12.1875,9.858172,6106400
1999-10-01,12.125,12.375,11.8125,12.296875,9.946642,6300400
1999-10-04,12.359375,12.5625,12.328125,12.484375,10.098311,9254400
1999-10-05,12.484375,12.5625,11.90625,12.109375,9.794981,6444400
1999-10-06,12.125,12.5,12.0625,12.484375,10.098311,6540800
1999-10-07,12.5,12.5625,12.28125,12.375,10.009839,4678400
1999-10-08,12.5625,13.296875,12.5,13.265625,10.73024,10386000
1999-10-11,13.25,13.6875,13.140625,13.625,11.02093,8531600
1999-10-12,13.484375,13.5,12.90625,12.953125,10.47747,6359600
1999-10-13,12.9375,13.0625,12.40625,12.46875,10.091512,4280400
1999-10-14,12.34375,12.875,12.1875,12.734375,10.306495,4840000
1999-10-15,12.3125,12.65625,12.21875,12.328125,9.977699000000001,5853600
1999-10-18,12.453125,12.5,12.0625,12.234375,9.901821,3064800
1999-10-19,12.71875,13.34375,12.6875,12.828125,10.382369,7776400
1999-10-20,13.0625,13.5625,12.15625,13.515625,10.938792,13335200
1999-10-21,13.484375,13.90625,13.28125,13.515625,10.938792,10168000
1999-10-22,13.75,13.75,13.1875,13.28125,10.749103,7309600
1999-10-25,13.25,13.53125,13.1875,13.421875,10.862917999999999,4391200
1999-10-26,13.484375,13.609375,12.609375,12.65625,10.243261,5797200
1999-10-27,12.671875,12.96875,12.46875,12.5625,10.167389,6157200
1999-10-28,12.71875,13.1875,12.609375,13.09375,10.59735,12774000
1999-10-29,13.5625,13.984375,13.453125,13.84375,11.204363,11807600
1999-11-01,13.78125,14.609375,13.78125,14.5,11.735494000000001,13480400
1999-11-02,14.484375,14.5,14.265625,14.296875,11.571093,7220800
1999-11-03,14.28125,14.40625,13.828125,13.859375,11.217007,6772000
1999-11-04,13.875,14.171875,13.71875,13.8125,11.17907,7872000
1999-11-05,14.0625,14.25,13.890625,14.1875,11.482571,6298000
1999-11-08,14.15625,14.1875,13.84375,14.0,11.330821,3920400
1999-11-09,13.84375,13.84375,13.3125,13.546875,10.964086,5045600
1999-11-10,13.5,13.796875,13.4375,13.625,11.02732,5529200
1999-11-11,13.65625,14.0,13.46875,13.859375,11.217007,4750400
1999-11-12,14.0625,14.5,13.75,14.46875,11.7102,6615200
1999-11-15,13.4375,14.140625,13.1875,13.65625,11.052607,16482400
1999-11-16,13.96875,14.03125,13.609375,13.796875,11.166423,8028800
1999-11-17,13.734375,13.921875,13.6875,13.75,11.128489,6498800
1999-11-18,13.875,14.15625,13.78125,13.953125,11.292882,6068400
1999-11-19,13.703125,13.90625,13.625,13.75,11.128489,4697200
1999-11-22,13.75,13.765625,13.25,13.359375,10.812337,6565600
1999-11-23,13.3125,13.375,12.890625,13.046875,10.559416,11107600
1999-11-24,12.96875,13.03125,12.6875,12.9375,10.470889999999999,5620400
1999-11-26,12.96875,13.140625,12.796875,12.796875,10.357078,1873200
1999-11-29,12.859375,12.953125,12.515625,12.65625,10.243261,5298400
1999-11-30,12.96875,12.984375,12.453125,12.453125,10.078868,9244800
1999-12-01,12.46875,12.53125,11.984375,12.328125,9.977699000000001,11156400
1999-12-02,12.703125,13.390625,12.578125,13.265625,10.736459,14420400
1999-12-03,13.734375,14.03125,13.46875,13.484375,10.913502000000001,8243200
1999-12-06,13.421875,13.78125,13.15625,13.671875,11.065255,6025600
1999-12-07,13.703125,13.703125,13.0625,13.28125,10.749103,7233600
1999-12-08,13.28125,13.34375,13.0625,13.0625,10.572057000000001,6531200
1999-12-09,13.25,13.34375,12.78125,12.875,10.420308,11874400
1999-12-10,13.09375,13.125,12.796875,12.96875,10.496186999999999,4923200
1999-12-13,13.03125,13.671875,12.9375,13.578125,10.989382,5478800
1999-12-14,13.46875,13.84375,13.46875,13.78125,11.153775,8438000
1999-12-15,13.71875,13.796875,13.453125,13.53125,10.951441,5478800
1999-12-16,13.65625,14.03905,13.578125,13.75,11.128489,6148400
1999-12-17,14.09375,14.375,13.9375,14.15625,11.457281,7048000
1999-12-20,14.09375,14.265625,13.703125,13.734375,11.115839999999999,6185200
1999-12-21,13.71875,13.9375,13.546875,13.875,11.229652,4624400
1999-12-22,13.796875,14.21875,13.5625,14.125,11.431989,6795600
1999-12-23,14.25,14.828125,14.15625,14.640625,11.849306,6182000
1999-12-27,14.625,14.984375,14.625,14.875,12.039000999999999,5737600
1999-12-28,14.953125,15.0,14.875,14.953125,12.102229,6302000
1999-12-29,14.96875,15.0,14.546875,14.90625,12.064292,4543600
1999-12-30,14.859375,14.859375,14.6875,14.78125,11.963123,2915200
1999-12-31,14.828125,15.0,14.765625,14.9375,12.08958,2506000
2000-01-03,14.703125,14.859375,13.75,13.9375,11.280234,8093600
2000-01-04,13.75,13.765625,12.84375,13.1875,10.673229,7822000
2000-01-05,13.15625,13.484375,12.9375,13.171875,10.66058,4921200
2000-01-06,13.0,13.5,12.96875,13.140625,10.635291,4519600
2000-01-07,13.234375,13.609375,13.1875,13.4375,10.875566000000001,3668400
2000-01-10,13.5,13.875,13.453125,13.84375,11.204363,4485600
2000-01-11,13.65625,13.9375,13.359375,13.40625,10.850275,4191600
2000-01-12,13.453125,13.546875,12.9375,13.234375,10.718164999999999,9044400
2000-01-13,13.25,13.25,13.0,13.09375,10.604275,5228000
2000-01-14,13.25,13.71875,13.21875,13.53125,10.958592,9078800
2000-01-18,13.6875,13.6875,13.21875,13.3125,10.781433,4621200
2000-01-19,13.375,13.421875,13.1875,13.21875,10.705508,4502800
2000-01-20,13.21875,13.234375,12.25,12.6875,10.275265,11997200
2000-01-21,12.65625,12.671875,11.671875,11.84375,9.591935000000001,15600000
2000-01-24,11.875,12.21875,11.546875,11.6875,9.465389,8660000
2000-01-25,11.75,11.796875,11.25,11.5,9.31354,9133600
2000-01-26,11.4375,11.75,11.0625,11.65625,9.440085,10991600
2000-01-27,11.6875,11.734375,11.265625,11.453125,9.275575,9506800
2000-01-28,11.40625,11.421875,10.828125,11.140625,9.02249,6953200
2000-01-31,11.171875,11.328125,10.765625,11.15625,9.035142,9974000
2000-02-01,11.21875,11.875,11.21875,11.765625,9.528661999999999,11792000
2000-02-02,11.65625,12.09375,11.453125,11.8125,9.566626,10628400
2000-02-03,11.875,12.0625,11.625,11.78125,9.541314999999999,5974400
2000-02-04,11.765625,12.203125,11.765625,12.09375,9.7944,10000800
2000-02-07,11.90625,11.90625,11.671875,11.734375,9.503353,7067600
2000-02-08,11.75,12.1875,11.296875,12.109375,9.807055,6735200
2000-02-09,12.109375,12.109375,11.515625,11.59375,9.389461,4956800
2000-02-10,11.5625,11.578125,11.296875,11.515625,9.326196000000001,3794000
2000-02-11,11.53125,11.75,11.484375,11.5,9.31354,3338400
2000-02-14,11.515625,11.828125,11.40625,11.703125,9.478043,4036000
2000-02-15,11.640625,11.6875,11.40625,11.5,9.31354,5540000
2000-02-16,11.375,11.421875,10.859375,10.9375,8.857983,6445200
2000-02-17,11.296875,11.296875,10.296875,10.625,8.604901,11126000
2000-02-18,10.640625,11.109375,10.625,10.875,8.80737,11527600
2000-02-22,11.03125,11.296875,10.5625,10.765625,8.718786,10011600
2000-02-23,10.6875,10.78125,10.25,10.640625,8.617554,9288000
2000-02-24,10.890625,10.890625,10.1875,10.1875,8.250582000000001,7248000
2000-02-25,10.625,10.71875,10.34375,10.4375,8.453052,7198400
2000-02-28,10.59375,11.5625,10.4375,11.421875,9.250271000000001,10382800
2000-02-29,11.90625,11.984375,11.5625,11.953125,9.680511,9700400
2000-03-01,12.125,12.140625,11.40625,11.953125,9.680511,10024800
2000-03-02,11.71875,11.796875,11.4375,11.5,9.31354,5877600
2000-03-03,11.625,11.859375,11.59375,11.75,9.516008,7844000
2000-03-06,11.875,11.875,11.125,11.25,9.11107,6225600
2000-03-07,11.375,11.390625,10.265625,10.40625,8.42774,13660400
2000-03-08,10.609375,11.203125,10.484375,10.96875,8.883293,8307200
2000-03-09,10.96875,11.75,10.828125,11.609375,9.40212,6045200
2000-03-10,11.59375,11.78125,11.25,11.25,9.11107,3272400
2000-03-13,10.75,11.09375,10.75,10.875,8.80737,5082000
2000-03-14,10.9375,10.9375,10.53125,10.59375,8.57959,16791200
2000-03-15,10.625,11.375,10.46875,11.328125,9.174342,8727200
2000-03-16,11.546875,12.53125,11.515625,12.515625,10.136067,14981600
2000-03-17,12.515625,12.953125,12.28125,12.859375,10.41446,11352400
2000-03-20,12.5625,12.796875,12.25,12.640625,10.2373,5954800
2000-03-21,12.640625,13.015625,12.53125,12.71875,10.300572,6768000
2000-03-22,12.71875,12.84375,12.359375,12.609375,10.211988,5772800
2000-03-23,12.59375,13.171875,12.484375,13.140625,10.642238,6551600
2000-03-24,13.140625,13.625,13.015625,13.4375,10.882669,6501600
2000-03-27,13.203125,13.453125,13.1875,13.359375,10.819393,4846400
2000-03-28,13.203125,13.609375,13.203125,13.375,10.832048,4895200
2000-03-29,13.34375,13.78125,13.265625,13.765625,11.148407,8736400
2000-03-30,13.71875,14.515625,13.65625,14.5,11.743153999999999,10424000
2000-03-31,14.96875,14.96875,14.328125,14.59375,11.819084,8662400
2000-04-03,14.609375,15.15625,14.609375,15.125,12.249328,9733200
2000-04-04,14.90625,15.015625,14.109375,14.921875,12.084822,10627200
2000-04-05,14.75,14.921875,14.390625,14.90625,12.072166000000001,6770000
2000-04-06,14.75,15.078125,14.4375,15.015625,12.160746000000001,5821200
2000-04-07,15.03125,15.21875,14.671875,15.15625,12.274637,6984800
2000-04-10,15.125,15.4375,15.0,15.359375,12.439144,6142000
2000-04-11,15.015625,15.25,14.8125,15.21875,12.325254,5466800
2000-04-12,15.53125,16.8125,15.515625,15.875,12.864129,18190000
2000-04-13,15.875,15.90625,14.625,14.875,12.053786,14047200
2000-04-14,14.625,14.625,13.765625,14.183575,11.493504,8528800
2000-04-17,13.75,13.75,13.125,13.609375,11.028205,8522800
2000-04-18,13.359375,13.921875,13.140625,13.7578,11.148479,8235600
2000-04-19,13.71875,13.9375,13.46875,13.703125,11.104173,4142800
2000-04-20,13.640625,13.84375,13.5625,13.828125,11.205466,4858400
2000-04-24,14.0,14.625,13.875,14.125,11.446035,5954400
2000-04-25,13.875,13.875,13.53125,13.6875,11.091514,10697600
2000-04-26,13.65625,13.9375,13.5625,13.609375,11.028205,14176800
2000-04-27,13.375,13.421875,13.109375,13.359375,10.825622000000001,10800400
2000-04-28,13.1875,13.21875,12.375,12.375,10.027942,13520800
2000-05-01,12.5,13.09375,12.28125,13.0,10.534403999999999,9855200
2000-05-02,13.0625,13.171875,12.546875,12.71875,10.306497,6044800
2000-05-03,12.3125,12.34375,11.703125,12.0,9.724064,11457600
2000-05-04,12.125,12.15625,11.75,11.84375,9.597449000000001,8130400
2000-05-05,11.765625,12.015625,11.765625,11.953125,9.686081,5519600
2000-05-08,11.859375,12.375,11.765625,12.265625,9.939313,5563600
2000-05-09,12.375,12.625,12.203125,12.3125,9.977296,7609200
2000-05-10,12.328125,12.484375,12.0625,12.125,9.825356,5355600
2000-05-11,12.234375,12.234375,12.03125,12.171875,9.863342,4499200
2000-05-12,12.234375,12.25,11.875,11.992175,9.717725,6781200
2000-05-15,12.28125,12.703125,12.21875,12.671875,10.268508,9730000
2000-05-16,12.65625,12.859375,12.25,12.4375,10.078588,8456000
2000-05-17,12.375,12.4375,11.765625,12.0625,9.774713,6486000
2000-05-18,11.984375,12.4375,11.984375,12.25,9.926649000000001,6997600
2000-05-19,12.0625,12.265625,11.953125,12.03125,9.749386999999999,7466000
2000-05-22,12.125,12.21875,11.78125,12.21875,9.901326,6952000
2000-05-23,12.234375,12.40625,12.0,12.078125,9.787374,5608400
2000-05-24,12.109375,12.109375,10.984375,11.453125,9.280914,10976000
2000-05-25,11.53125,11.859375,11.515625,11.6875,9.470836,8742800
2000-05-26,11.75,11.78125,11.328125,11.4375,9.26825,4925600
2000-05-30,11.53125,11.859375,11.375,11.75,9.521481,4060800
2000-05-31,11.6875,11.875,11.640625,11.640625,9.432851,4545200
2000-06-01,11.671875,11.984375,11.625,11.984375,9.711406,5253600
2000-06-02,12.5625,12.84375,12.53125,12.6875,10.281176,9062400
2000-06-05,12.71875,12.71875,12.1875,12.4375,10.078588,5963200
2000-06-06,12.125,12.1875,11.671875,11.78125,9.546802,7004800
2000-06-07,11.71875,11.75,11.1875,11.296875,9.154297999999999,9160000
2000-06-08,11.296875,11.296875,10.90625,10.9375,8.86308,12031200
2000-06-09,11.078125,11.1875,10.703125,10.84375,8.787109,6387200
2000-06-12,10.625,10.640625,10.421875,10.53125,8.533883,8270400
2000-06-13,10.53125,11.328125,10.46875,11.125,9.015019,13666800
2000-06-14,11.125,11.1875,10.953125,11.15625,9.040339,7903200
2000-06-15,11.1875,11.21875,10.96875,11.0,8.913728,7973200
2000-06-16,11.0,11.0,10.640625,10.75,8.711141,7550400
2000-06-19,10.75,10.75,10.375,10.484375,8.495896,7260000
2000-06-20,10.625,10.625,10.15625,10.234375,8.293313000000001,9386800
2000-06-21,10.25,10.5625,10.25,10.375,8.407267,5272000
2000-06-22,10.625,10.75,10.46875,10.53125,8.533883,8477200
2000-06-23,10.515625,10.71875,10.3125,10.53125,8.533883,5417600
2000-06-26,10.46875,10.59375,10.390625,10.40625,8.43259,14100400
2000-06-27,10.46875,10.859375,10.4375,10.671875,8.647835,19346000
2000-06-28,10.625,10.65625,10.296875,10.625,8.609849,11752000
2000-06-29,10.625,10.625,10.265625,10.3125,8.356618,8076400
2000-06-30,10.234375,10.296875,10.09375,10.265625,8.318634,11727200
2000-07-03,10.25,10.40625,10.125,10.3125,8.356618,7193200
2000-07-05,10.25,10.71875,10.25,10.484375,8.495896,6674800
2000-07-06,10.40625,10.65625,10.40625,10.484375,8.495896,7808400
2000-07-07,10.6875,11.515625,10.59375,11.375,9.217606,13153200
2000-07-10,11.34375,12.0625,11.265625,11.6875,9.470836,12975200
2000-07-11,11.703125,12.03125,11.703125,11.96875,9.698746,7644000
2000-07-12,12.03125,12.109375,11.8125,11.96875,9.70584,5600400
2000-07-13,11.984375,12.0,11.71875,11.875,9.629816,5984800
2000-07-14,11.921875,12.03125,11.828125,11.96875,9.70584,3889200
2000-07-17,11.75,12.046875,11.671875,12.0,9.731181,7896000
2000-07-18,12.015625,12.109375,11.90625,12.03125,9.756521000000001,3361600
2000-07-19,12.03125,12.046875,11.625,11.703125,9.490436,4927200
2000-07-20,11.71875,11.796875,11.515625,11.5625,9.376397,4329600
2000-07-21,11.265625,11.453125,11.203125,11.28125,9.148325999999999,6536800
2000-07-24,11.25,11.265625,10.828125,10.875,8.818883,4825200
2000-07-25,11.125,11.171875,10.765625,11.125,9.021614999999999,8525600
2000-07-26,11.0625,11.1875,10.984375,11.015625,8.932919,7854000
2000-07-27,11.078125,11.25,10.90625,10.984375,8.907575999999999,4866800
2000-07-28,10.9375,10.984375,10.453125,10.5625,8.565469,8229200
2000-07-31,10.78125,10.78125,10.453125,10.53125,8.540123,8906400
2000-08-01,10.6875,10.71875,10.4375,10.71875,8.692177000000001,5311600
2000-08-02,10.671875,10.984375,10.625,10.75,8.717516999999999,5987200
2000-08-03,10.625,10.8125,10.40625,10.5625,8.565469,4732000
2000-08-04,10.5625,10.6875,10.453125,10.640625,8.628819,8144000
2000-08-07,10.75,11.296875,10.609375,11.25,9.122981,7938000
2000-08-08,11.21875,11.796875,11.125,11.4375,9.275029,9366800
2000-08-09,11.421875,11.421875,10.96875,11.21875,9.097636999999999,9742000
2000-08-10,11.125,11.21875,10.875,10.875,8.818883,11337600
2000-08-11,10.921875,11.0625,10.84375,11.0,8.920245,8704800
2000-08-14,11.15625,11.78125,11.03125,11.703125,9.490436,10653600
2000-08-15,11.234375,11.671875,11.234375,11.625,9.42708,12163200
2000-08-16,11.53125,11.53125,11.03125,11.25,9.122981,7093600
2000-08-17,11.46875,11.71875,11.375,11.625,9.42708,7840400
2000-08-18,11.46875,11.734375,11.453125,11.671875,9.465091000000001,3638400
2000-08-21,11.640625,11.734375,11.34375,11.515625,9.338383,11409200
2000-08-22,11.515625,11.734375,11.5,11.625,9.42708,13134400
2000-08-23,11.671875,12.21875,11.625,12.109375,9.819871000000001,10923200
2000-08-24,12.125,12.375,11.921875,12.296875,9.971927,7998000
2000-08-25,12.28125,12.34375,12.09375,12.34375,10.00994,3902800
2000-08-28,12.34375,12.390625,12.125,12.15625,9.857888,4057600
2000-08-29,12.140625,12.140625,11.890625,12.046875,9.769191000000001,3659200
2000-08-30,12.046875,12.0625,11.734375,11.734375,9.515777,5120000
2000-08-31,11.59375,11.625,11.0,11.207025,9.088132,11950000
2000-09-01,11.234375,11.71875,11.234375,11.703125,9.490436,4307600
2000-09-05,11.703125,11.984375,11.671875,11.8125,9.579125999999999,7275600
2000-09-06,11.765625,12.140625,11.765625,11.90625,9.655157,9316000
2000-09-07,11.921875,12.03125,11.75,11.765625,9.541121,5516800
2000-09-08,11.984375,12.96875,11.96875,12.96875,10.516769,13849600
2000-09-11,12.78125,13.109375,12.734375,12.9375,10.491429,7178400
2000-09-12,12.859375,13.625,12.8125,13.4375,10.896892999999999,8689200
2000-09-13,13.3125,13.3125,12.453125,12.625,10.238013,25378800
2000-09-14,12.53125,12.546875,12.0625,12.140625,9.84522,11217600
2000-09-15,12.15625,12.375,11.953125,12.046875,9.769191000000001,8487200
2000-09-18,12.046875,12.328125,11.875,12.203125,9.8959,8596400
2000-09-19,12.265625,12.359375,11.71875,11.859375,9.617142999999999,7883600
2000-09-20,11.796875,11.96875,11.703125,11.890625,9.642482000000001,5352400
2000-09-21,11.828125,12.5625,11.828125,12.4375,10.085961,6972400
2000-09-22,12.5,12.6875,12.328125,12.6875,10.288695,7258000
2000-09-25,12.71875,12.734375,12.171875,12.25,9.933914,5006000
2000-09-26,12.25,12.25,11.703125,11.78125,9.55379,7609600
2000-09-27,11.953125,11.984375,11.65625,11.75,9.528447,11914400
2000-09-28,11.75,11.78125,11.46875,11.5625,9.376397,6628400
2000-09-29,11.484375,11.515625,11.1875,11.21875,9.097636999999999,11335200
2000-10-02,11.0625,11.390625,11.03125,11.15625,9.046958,8647200
2000-10-03,10.75,10.984375,10.59375,10.65625,8.64149,17788800
2000-10-04,10.75,11.046875,10.71875,10.75,8.717516999999999,14300000
2000-10-05,10.53125,10.609375,10.34375,10.53125,8.540123,12913200
2000-10-06,10.0,10.328125,9.890625,10.203125,8.274036,21241600
2000-10-09,10.203125,10.625,10.140625,10.5,8.514783,8128400
2000-10-10,10.5,10.546875,10.328125,10.53125,8.540123,7118800
2000-10-11,10.4375,10.5625,10.109375,10.265625,8.331648,13210400
2000-10-12,9.28125,9.703125,8.5625,9.453125,7.672214,38674400
2000-10-13,9.4375,9.921875,9.375,9.703125,7.8751169999999995,12375600
2000-10-16,9.71875,9.9375,9.484375,9.8125,7.963883999999999,8714800
2000-10-17,9.8125,9.90625,9.3125,9.359375,7.596127,9200800
2000-10-18,9.21875,9.96875,9.09375,9.953125,8.078016,9876800
2000-10-19,10.203125,10.46875,10.140625,10.28125,8.344325999999999,7798400
2000-10-20,10.25,10.546875,10.21875,10.28125,8.344325999999999,5402400
2000-10-23,10.28125,10.515625,10.09375,10.4375,8.471135,7490800
2000-10-24,10.59375,10.671875,10.390625,10.5,8.521863,4619600
2000-10-25,10.4375,10.46875,10.109375,10.125,8.217512,4762400
2000-10-26,10.21875,10.421875,10.125,10.234375,8.306280000000001,4747600
2000-10-27,10.125,10.46875,10.09375,10.46875,8.496504,5455200
2000-10-30,10.5,11.03125,10.5,10.828125,8.788171,5946800
2000-10-31,10.78125,11.484375,10.78125,11.421875,9.270061,5991600
2000-11-01,11.625,11.6875,11.421875,11.53125,9.358832000000001,8198800
2000-11-02,11.484375,11.515625,11.171875,11.484375,9.320786,8152400
2000-11-03,11.421875,11.4375,11.078125,11.140625,9.041797,4882800
2000-11-06,11.28125,11.3125,11.078125,11.171875,9.067160000000001,5913600
2000-11-07,11.171875,11.265625,10.953125,11.078125,8.991066,4375200
2000-11-08,11.296875,11.65625,11.1875,11.453125,9.29543,6719600
2000-11-09,11.0625,11.0625,10.21875,10.5625,8.572589,10795200
2000-11-10,10.46875,10.46875,9.921875,9.984375,8.103378,10488400
2000-11-13,9.796875,10.46875,9.578125,10.0,8.116056,16034000
2000-11-14,10.34375,10.734375,10.34375,10.453125,8.48382,9922800
2000-11-15,10.390625,10.4375,9.90625,10.0,8.116056,9367600
2000-11-16,10.0,10.125,9.9375,9.9375,8.065337,5553200
2000-11-17,9.984375,10.234375,9.953125,10.203125,8.280918,9708400
2000-11-20,10.125,10.1875,9.984375,10.0,8.116056,11953200
2000-11-21,10.03125,10.046875,9.71875,9.875,8.014608,8480400
2000-11-22,9.828125,9.90625,9.703125,9.734375,7.900478,6603600
2000-11-24,9.734375,9.8125,9.71875,9.765625,7.925841,1386000
2000-11-27,9.8125,10.25,9.8125,9.96875,8.090701,7155200
2000-11-28,10.0,10.421875,9.984375,10.265625,8.331648,11791600
2000-11-29,10.265625,10.265625,10.0625,10.234375,8.306280000000001,12390400
2000-11-30,10.125,10.125,9.796875,10.015625,8.128741,11540400
2000-12-01,9.875,9.984375,9.71875,9.71875,7.887796000000001,6176000
2000-12-04,9.71875,10.171875,9.671875,10.109375,8.204834,9776000
2000-12-05,9.625,10.921875,9.625,10.796875,8.762808999999999,12908400
2000-12-06,10.78125,11.0,10.109375,10.171875,8.255550999999999,12078000
2000-12-07,10.171875,10.171875,9.890625,9.984375,8.103378,8729600
2000-12-08,10.0,10.125,9.890625,9.96875,8.090701,8808000
2000-12-11,9.5625,10.5,9.4375,10.453125,8.48382,22028800
2000-12-12,10.453125,10.8125,10.3125,10.640625,8.635994,11352400
2000-12-13,10.71875,10.8125,10.515625,10.5625,8.572589,7883600
2000-12-14,10.5625,10.640625,10.34375,10.46875,8.496504,8133200
2000-12-15,10.25,10.4375,10.03125,10.265625,8.331648,9377600
2000-12-18,10.625,10.625,10.453125,10.609375,8.610633,7470000
2000-12-19,10.40625,10.765625,10.265625,10.265625,8.331648,9176400
2000-12-20,10.0625,10.3125,9.953125,10.0625,8.166789,10445200
2000-12-21,10.03125,10.59375,10.0,10.453125,8.48382,10028800
2000-12-22,10.484375,10.6875,10.234375,10.375,8.420414,7869600
2000-12-26,10.375,10.390625,10.0,10.203125,8.280918,5842800
2000-12-27,10.203125,10.546875,10.078125,10.5,8.521863,8888000
2000-12-28,10.5,10.75,10.390625,10.671875,8.661358,6379200
2000-12-29,10.765625,11.453125,10.640625,11.125,9.029116,9348800
2001-01-02,11.28125,11.34375,11.125,11.1875,9.079844,5743200
2001-01-03,11.15625,13.25,11.15625,13.25,10.753778,19596000
2001-01-04,12.90625,13.875,12.78125,13.40625,10.880589,30658800
2001-01-05,13.265625,13.28125,12.734375,12.953125,10.512832000000001,11739200
2001-01-08,12.953125,12.953125,12.09375,12.34375,10.018259,11604400
2001-01-09,12.328125,12.46875,11.875,12.125,9.840722999999999,8467600
2001-01-10,11.78125,12.625,11.78125,12.59375,10.221160000000001,10192800
2001-01-11,12.5625,12.765625,12.296875,12.484375,10.132392,9900400
2001-01-12,12.484375,12.640625,12.4375,12.59375,10.221160000000001,6054800
2001-01-16,12.3125,12.4375,12.015625,12.375,10.043621,11900400
2001-01-17,12.359375,12.359375,12.015625,12.03125,9.771544,7836400
2001-01-18,12.015625,12.015625,11.515625,11.53125,9.365457000000001,13853200
2001-01-19,11.5,11.5,10.9375,11.09375,9.010128,17919200
2001-01-22,11.40625,11.765625,11.3125,11.484375,9.327385000000001,11980400
2001-01-23,11.59375,11.96875,11.4375,11.96875,9.720782,6577600
2001-01-24,12.0,12.0,11.671875,11.828125,9.606571,6853600
2001-01-25,11.875,12.359375,11.65625,12.109375,9.834992,6620800
2001-01-26,12.328125,12.328125,11.96875,12.203125,9.911139,7066800
2001-01-29,12.3225,12.5125,12.295,12.45,10.111646,4626000
2001-01-30,12.625,12.7375,12.3175,12.695,10.310628,9050800
2001-01-31,12.8625,13.505,12.84,13.3625,10.85276,18794800
2001-02-01,13.3625,13.745,13.0125,13.625,11.065956,16895600
2001-02-02,13.65,13.71,13.425,13.46,10.931946,15373200
2001-02-05,13.4125,13.415,13.125,13.275,10.781692999999999,14122000
2001-02-06,13.275,13.41,13.0625,13.07,10.615195,11584400
2001-02-07,13.0075,13.1875,12.95,13.0475,10.596922,9973600
2001-02-08,13.075,13.0875,12.3925,12.5,10.152254,11544000
2001-02-09,13.0625,13.65,13.0625,13.3775,10.864945,22994000
2001-02-12,13.125,13.5125,13.065,13.5,10.964437,21378400
2001-02-13,13.5,14.125,13.2725,14.0625,11.421287,24401200
2001-02-14,14.0625,14.5,14.02,14.1025,11.453774000000001,22645200
2001-02-15,14.4,14.4975,14.0325,14.2225,11.551236,18168000
2001-02-16,14.125,14.27,13.85,14.125,11.472048,21668000
2001-02-20,14.1875,14.855,14.175,14.575,11.837528,18081200
2001-02-21,14.4,14.4825,13.565,13.5775,11.027379,14834800
2001-02-22,13.6125,13.625,13.2875,13.535,10.992858,9111600
2001-02-23,13.535,13.7725,13.255,13.645,11.082199000000001,14015200
2001-02-26,14.25,14.8875,14.175,14.7275,11.961385,23458000
2001-02-27,14.5625,14.725,14.2925,14.375,11.675092,19496400
2001-02-28,14.325,14.5,13.75,13.97,11.346158,10567600
2001-03-01,14.0575,14.0975,13.3,13.7525,11.169509,10561200
2001-03-02,13.55,14.35,13.415,14.275,11.593876,9834800
2001-03-05,14.275,14.6125,14.2,14.2875,11.604028999999999,12197200
2001-03-06,14.45,14.885,14.4125,14.725,11.959355,11756400
2001-03-07,14.975,15.625,14.9625,15.5725,12.647682000000001,19706800
2001-03-08,15.5625,16.15,15.4725,15.4775,12.570518,26226400
2001-03-09,15.415,15.7375,15.0,15.6175,12.684225999999999,14356000
2001-03-12,15.5,15.5025,14.86,14.91,12.109611,13828800
2001-03-13,15.0,15.1,14.4575,14.9025,12.103515,14356400
2001-03-14,14.3875,14.825,14.3875,14.68,11.922804,12388000
2001-03-15,14.9125,15.375,14.9125,15.175,12.324839,14624400
2001-03-16,15.0625,15.2375,14.775,15.005,12.186766,12955200
2001-03-19,15.0375,15.375,14.8975,15.3125,12.436511999999999,10533200
2001-03-20,15.425,16.025,15.4125,15.5925,12.663924,18232000
2001-03-21,15.5925,15.725,15.2475,15.5125,12.598948,18071600
2001-03-22,15.375,15.375,13.81,14.4075,11.701488000000001,24016400
2001-03-23,14.405,14.405,13.8,13.975,11.350219000000001,17697600
2001-03-26,14.35,14.35,14.0625,14.225,11.553265,14936400
2001-03-27,14.2275,14.755,13.9125,14.65,11.898442,20050000
2001-03-28,14.4375,14.5975,14.28,14.3725,11.673059,13191600
2001-03-29,14.1275,14.725,13.825,14.6625,11.908595,15234400
2001-03-30,14.75,14.9,14.455,14.6125,11.867984,13693600
2001-04-02,14.4625,14.4875,14.1275,14.36,11.66291,11778400
2001-04-03,14.4225,14.6,13.925,14.275,11.593876,10559200
2001-04-04,14.2475,14.33,13.945,14.1,11.451742,11375200
2001-04-05,14.3625,14.605,14.1875,14.54,11.8091,9088400
2001-04-06,14.4775,14.6225,14.1,14.3375,11.644634,9178000
2001-04-09,14.3375,14.4225,13.78,13.85,11.248698,13475600
2001-04-10,13.8625,14.5,13.8625,14.215,11.545143,12984000
2001-04-11,14.675,14.675,13.7375,14.0,11.370524000000001,23846400
2001-04-12,13.75,13.75,13.185,13.625,11.065956,18330000
2001-04-16,13.4,13.6,13.36,13.5125,10.974584,9928800
2001-04-17,13.575,13.575,13.075,13.1925,10.71469,10892800
2001-04-18,13.3,15.0,13.2875,14.825,12.048565,28080000
2001-04-19,14.575,14.7975,14.525,14.74,11.979484,10495200
2001-04-20,14.675,14.775,14.3,14.5775,11.847419,10979200
2001-04-23,14.575,15.0,14.325,14.5775,11.847419,12376400
2001-04-24,14.25,14.35,14.05,14.2,11.540614999999999,11636400
2001-04-25,14.15,14.5,14.0625,14.15,11.49998,10515200
2001-04-26,14.375,14.74,14.275,14.575,11.845385,7874400
2001-04-27,14.9,15.75,14.7875,15.525,12.617469999999999,23921200
2001-04-30,15.675,15.925,15.6125,15.75,12.800327000000001,17055600
2001-05-01,15.75,16.219998999999998,15.6625,16.18,13.1498,18711600
2001-05-02,16.200001,16.225,15.8875,16.057501000000002,13.050241,10103600
2001-05-03,16.0,16.002501000000002,15.52,15.73,12.784074,11105600
2001-05-04,15.375,16.174999,15.2875,16.0525,13.046178999999999,13436800
2001-05-07,15.9825,16.045,15.75,15.875,12.90192,9573600
2001-05-08,15.875,15.905,15.4825,15.6325,12.704835000000001,9499600
2001-05-09,15.5825,15.5825,15.15,15.18,12.33708,8367600
2001-05-10,15.675,16.235001,15.63,16.01,13.011635,13861600
2001-05-11,16.01,16.2225,15.925,16.0525,13.046178999999999,7963200
2001-05-14,16.112499,16.200001,16.0275,16.200001,13.166051000000001,7397200
2001-05-15,16.25,16.6625,16.25,16.452499,13.371267000000001,17200400
2001-05-16,16.4375,16.549999,16.190001000000002,16.4375,13.359073,13371600
2001-05-17,16.4925,16.985001,16.4375,16.924999,13.755277,8444800
2001-05-18,17.012501,17.18,16.775,17.1,13.897497,10625200
2001-05-21,17.5,18.424999,17.4,18.125,14.730535999999999,28652800
2001-05-22,17.875,18.125,17.622498999999998,17.75,14.425773000000001,14610800
2001-05-23,17.5,17.65,17.35,17.5,14.222596,12971200
2001-05-24,17.645,18.139999,17.375,17.940001000000002,14.580185,12731600
2001-05-25,18.002501000000002,18.309998999999998,17.9,17.955,14.592376000000002,9021600
2001-05-29,18.15,18.172501,17.397499,17.584999,14.291669,12310800
2001-05-30,17.475,17.692498999999998,17.2125,17.375,14.120996,10128800
2001-05-31,17.377501000000002,17.450001,17.065001000000002,17.3825,14.127089999999999,11148000
2001-06-01,17.307501000000002,17.4,17.030001000000002,17.325001,14.080364999999999,9090000
2001-06-04,17.4,17.622498999999998,17.247498999999998,17.522499,14.240872,6002800
2001-06-05,17.6875,17.934998999999998,17.625,17.795,14.46234,11624400
2001-06-06,17.75,18.094998999999998,17.74,18.02,14.645204999999999,8974000
2001-06-07,17.924999,18.5,17.887501,18.5,15.035307000000001,9302000
2001-06-08,18.475,18.475,18.262501,18.3925,14.947941,3255200
2001-06-11,18.3825,18.459999,17.952499,17.975,14.608628,6204000
2001-06-12,17.825001,18.225,17.639999,18.1875,14.781332999999998,5725600
2001-06-13,18.0625,18.4925,17.975,18.475,15.014995,9129600
2001-06-14,18.4,18.4725,18.077499,18.2325,14.817898999999999,7001200
2001-06-15,18.225,18.262501,17.940001000000002,18.094998999999998,14.706159,8727200
2001-06-18,18.112499,18.809998999999998,18.0825,18.637501,15.147062,10579200
2001-06-19,18.709999,19.0275,18.709999,18.99,15.433548000000002,12717200
2001-06-20,19.075001,19.612499,19.0275,19.3475,15.724093,14161200
2001-06-21,19.25,19.93,19.200001,19.725,16.030895,14880800
2001-06-22,19.725,19.725,19.1,19.25,15.644854999999998,13540400
2001-06-25,19.450001,19.455,18.647499,18.875,15.340082,13773600
2001-06-26,18.875,18.975,18.674999,18.950001,15.401039,12172400
2001-06-27,18.950001,19.0975,18.387501,18.389999,14.945908,13413200
2001-06-28,18.700001,18.995001000000002,18.674999,18.85,15.319760999999998,12086000
2001-06-29,18.852501,18.852501,18.137501,18.137501,14.740697,14451600
2001-07-02,18.575001,19.545,18.4,18.535,15.063753,8318600
2001-07-03,18.709999,18.745001000000002,18.48,18.5,15.035307000000001,5182600
2001-07-05,18.625,18.625,18.02,18.1,14.710216,7109600
2001-07-06,18.125,18.125,17.200001,17.299999,14.060042000000001,9700600
2001-07-09,17.32,17.405001000000002,17.09,17.200001,13.978775,9166200
2001-07-10,17.525,17.700001,16.75,16.875,13.714635000000001,8833400
2001-07-11,16.875,17.35,16.825001,17.27,14.035665,11018400
2001-07-12,17.35,18.525,17.35,18.290001,14.864635,11957000
2001-07-13,17.9,18.219998999999998,17.700001,18.219998999999998,14.807747,7704800
2001-07-16,18.195,18.530001000000002,18.075001,18.155001000000002,14.754920000000002,8256000
2001-07-17,18.155001000000002,18.365,17.9,18.24,14.823998000000001,4580800
2001-07-18,18.280001000000002,19.15,18.280001000000002,19.0,15.450134,14948200
2001-07-19,19.625,19.625,19.225,19.370001000000002,15.751009,9988400
2001-07-20,19.700001,19.809998999999998,19.469998999999998,19.549999,15.897371,8844600
2001-07-23,19.625,19.65,19.065001000000002,19.145,15.568047,5269600
2001-07-24,19.219998999999998,19.299999,18.504998999999998,18.625,15.145203,6176000
2001-07-25,18.65,19.174999,18.575001,19.129998999999998,15.555848999999998,9279600
2001-07-26,19.15,19.625,19.035,19.625,15.958364000000001,8482400
2001-07-27,19.475,19.549999,19.309998999999998,19.450001,15.816061,4952600
2001-07-30,19.455,19.719998999999998,19.455,19.605,15.942098999999999,4602800
2001-07-31,19.4,19.52,18.799999,19.09,15.523326,9174400
2001-08-01,18.9,18.950001,18.465,18.559998999999998,15.09234,8939200
2001-08-02,18.85,18.9,18.424999,18.725,15.226523,6866600
2001-08-03,18.6,18.695,18.200001,18.465,15.015096,4592600
2001-08-06,18.75,18.754998999999998,18.0,18.205,14.803679,7661800
2001-08-07,18.08,18.5,17.975,18.200001,14.799603,8441400
2001-08-08,18.299999,18.625,17.799999,17.889999,14.547519,7957000
2001-08-09,17.895,18.219998999999998,17.575001,17.945,14.592253,7362600
2001-08-10,18.0,18.15,17.695,18.055,14.681695999999999,4438800
2001-08-13,18.049999,18.4,17.879998999999998,18.225,14.819939999999999,6272200
2001-08-14,18.275,18.815001000000002,18.275,18.59,15.116741000000001,6768800
2001-08-15,18.715,18.799999,18.139999,18.24,14.832134,3587400
2001-08-16,18.225,18.23,17.700001,18.049999,14.677632000000001,5052600
2001-08-17,17.924999,17.924999,17.415001,17.52,14.246654000000001,4517200
2001-08-20,17.565001000000002,18.940001000000002,17.565001000000002,18.92,15.385087,13159400
2001-08-21,18.995001000000002,19.5,18.799999,19.325001,15.714424,16056200
2001-08-22,19.5,19.6,19.059998999999998,19.4,15.77541,9036600
2001-08-23,19.535,19.545,18.67,18.725,15.226523,6548600
2001-08-24,18.85,19.65,18.700001,19.6,15.938035999999999,8787800
2001-08-27,19.450001,19.6,19.0,19.254998999999998,15.657498,5812600
2001-08-28,19.610001,19.625,19.059998999999998,19.280001000000002,15.677826999999999,7246800
2001-08-29,19.299999,19.344998999999998,18.745001000000002,18.809998999999998,15.295646,8707400
2001-08-30,18.9,19.025,18.125,18.25,14.840266,11892200
2001-08-31,18.375,18.725,18.355,18.6,15.124868,8571800
2001-09-04,18.65,19.115,18.385,18.674999,15.185854999999998,6948400
2001-09-05,18.495001000000002,18.495001000000002,17.825001,18.34,14.913449,7643800
2001-09-06,18.35,18.445,17.25,17.4,14.149075,12367600
2001-09-07,16.5,16.6,15.245,16.0,13.010644000000001,26601400
2001-09-10,16.0,16.254998999999998,15.5,15.93,12.953721,12585600
2001-09-17,15.0,15.0,14.155,14.19,11.538811,13264600
2001-09-18,14.315,15.765,14.315,14.455,11.754303,16219400
2001-09-19,14.46,14.875,13.79,14.6,11.872214,11244000
2001-09-20,14.15,14.175,13.375,14.08,11.449368,12790000
2001-09-21,12.825,14.1,12.495,13.45,10.937071000000001,16588200
2001-09-24,14.06,14.83,14.005,14.72,11.96979,10918800
2001-09-25,14.725,15.325,14.5,15.24,12.392636,12070400
2001-09-26,15.24,15.455,14.945,15.245,12.396705,10885600
2001-09-27,15.225,15.3,14.835,15.2,12.360106,7866400
2001-09-28,15.2,15.84,14.975,15.825,12.868337,8846200
2001-10-01,15.625,15.625,15.0,15.245,12.396705,9879400
2001-10-02,15.45,15.88,15.25,15.875,12.909,9473000
2001-10-03,15.875,16.969998999999998,15.75,16.855,13.705901999999998,11859000
2001-10-04,16.98,16.98,16.15,16.190001000000002,13.165146,7816800
2001-10-05,16.200001,16.4,15.625,16.15,13.132615,8799000
2001-10-08,15.95,16.145,15.675,15.745,12.803286,6537600
2001-10-09,15.6,15.675,15.2,15.2,12.360106,9306400
2001-10-10,15.125,15.995,15.115,15.9,12.929324000000001,8783600
2001-10-11,16.549999,17.120001000000002,16.115,17.0,13.823811,12605000
2001-10-12,17.0,17.344998999999998,16.514999,17.344998999999998,14.104346,9426000
2001-10-15,17.1,17.299999,16.895,17.25,14.027104999999999,8258800
2001-10-16,16.504998999999998,17.375,16.504998999999998,17.35,14.108417999999999,22655800
2001-10-17,17.465,17.549999,16.775,16.775,13.648707,9809800
2001-10-18,16.799999,17.200001,16.625,16.924999,13.770756,9023000
2001-10-19,16.924999,17.225,16.65,17.200001,13.994507,5143000
2001-10-22,17.075001,17.365,16.75,17.190001000000002,13.986377,6416200
2001-10-23,17.344998999999998,17.85,17.059998999999998,17.495001000000002,14.234526,8189000
2001-10-24,17.495001000000002,17.700001,17.129998999999998,17.15,13.953823000000002,4873800
2001-10-25,16.950001,17.5,16.549999,17.48,14.222326999999998,9999000
2001-10-26,17.48,17.504998999999998,17.174999,17.375,14.136895999999998,6235800
2001-10-29,17.125,17.125,16.865,16.905001000000002,13.754482999999999,5825600
2001-10-30,16.780001000000002,16.780001000000002,16.200001,16.4,13.343601999999999,8489400
2001-10-31,16.5,17.375,16.5,17.049999,13.872464,10320000
2001-11-01,17.174999,17.754998999999998,16.85,17.559998999999998,14.287410999999999,7724800
2001-11-02,17.625,18.799999,17.58,18.4,14.970867000000002,13768000
2001-11-05,18.620001000000002,19.27,18.620001000000002,19.17,15.597367000000002,9176400
2001-11-06,19.15,19.65,18.75,19.625,15.967573999999999,11896600
2001-11-07,19.504998999999998,19.725,19.299999,19.445,15.821122,8697200
2001-11-08,19.65,19.975,19.48,19.495001000000002,15.8618,10155800
2001-11-09,19.549999,19.549999,19.165001,19.209999,15.629907999999999,9500000
2001-11-12,19.360001,19.700001,18.799999,19.594998999999998,15.943162,5783400
2001-11-13,20.0,20.5,19.895,20.35,16.557457,13030800
2001-11-14,20.575001,21.1,20.545,21.030001000000002,17.110723,11999200
2001-11-15,20.924999,21.315001000000002,20.690001000000002,20.855,16.968342,12349800
2001-11-16,20.629998999999998,20.775,19.93,20.174999,16.415064,14870400
2001-11-19,20.625,21.549999,20.504998999999998,21.549999,17.533815,18546200
2001-11-20,21.549999,21.549999,20.865,21.030001000000002,17.110723,10958400
2001-11-21,21.049999,21.049999,20.4,20.975,17.065973,6624600
2001-11-23,21.1,21.445,21.030001000000002,21.440001000000002,17.444319,3016000
2001-11-26,21.450001,21.629998999999998,21.01,21.41,17.419907000000002,9062600
2001-11-27,21.41,21.805,21.155001000000002,21.57,17.550086999999998,15138600
2001-11-28,21.57,21.9,21.375,21.844998999999998,17.77384,11790000
2001-11-29,21.825001,21.950001,21.455,21.76,17.704676,12745200
2001-11-30,21.9,22.775,21.885,22.655001000000002,18.432879999999997,16774200
2001-12-03,22.530001000000002,22.92,22.450001,22.775,18.530521,11657400
2001-12-04,22.700001,22.76,22.395,22.76,18.518316,14768000
2001-12-05,22.895,23.57,22.809998999999998,23.4,19.039032000000002,10939800
2001-12-06,23.35,23.35,23.01,23.145,18.831557999999998,8111000
2001-12-07,22.995001000000002,23.325001,22.955,23.155001000000002,18.839699,5863000
2001-12-10,23.1,23.125,22.809998999999998,22.85,18.591535999999998,7252800
2001-12-11,22.85,23.075001,22.549999,22.754998999999998,18.51425,6905200
2001-12-12,22.805,23.17,22.76,23.07,18.770531,5853000
2001-12-13,22.969998999999998,22.995001000000002,22.629998999999998,22.790001,18.542719,6462400
2001-12-14,22.995001000000002,23.07,22.625,22.945,18.668837,7197800
2001-12-17,22.65,23.125,22.645,22.924999,18.652557,5495000
2001-12-18,23.200001,23.424999,22.75,22.885,18.620022,7654200
2001-12-19,22.924999,23.135,22.775,23.125,18.815286999999998,6614200
2001-12-20,23.299999,23.6,23.02,23.125,18.815286999999998,4965600
2001-12-21,23.445,23.75,23.15,23.75,19.323809,7406200
2001-12-24,23.754998999999998,23.875,23.674999,23.690001000000002,19.274994,2346600
2001-12-26,23.690001000000002,24.440001000000002,23.5,23.690001000000002,19.274994,6219600
2001-12-27,23.9,23.9,22.965,23.325001,18.97802,7924200
2001-12-28,23.424999,23.49,23.26,23.370001000000002,19.014629,5101600
2001-12-31,23.25,23.450001,23.055,23.205,18.880383,4748200
2002-01-02,23.01,23.059998999999998,22.254998999999998,22.684998999999998,18.4573,9312200
2002-01-03,22.65,22.75,21.77,22.125,18.001654000000002,12420000
2002-01-04,22.35,22.695,22.26,22.5,18.306767,9932800
2002-01-07,22.75,22.805,22.17,22.225,18.083014000000002,7434400
2002-01-08,22.275,22.59,22.025,22.110001,17.989454000000002,6451600
2002-01-09,22.235001,22.25,21.575001,21.575001,17.554154999999998,9195800
2002-01-10,21.775,21.870001000000002,21.455,21.59,17.566359,6679000
2002-01-11,21.594998999999998,21.719998999999998,20.799999,21.014999,17.098522,13822000
2002-01-14,21.245001000000002,21.525,21.075001,21.379998999999998,17.395498,9383200
2002-01-15,21.5,21.52,20.665001,21.0,17.086311,14700200
2002-01-16,20.99,20.99,20.514999,20.525,16.70779,10071400
2002-01-17,20.575001,21.004998999999998,20.075001,20.85,16.972355,16542800
2002-01-18,20.549999,21.799999,20.549999,21.700001,17.664270000000002,16112000
2002-01-22,21.709999,22.225,21.625,21.950001,17.867775,9610400
2002-01-23,21.9,22.495001000000002,21.754998999999998,22.35,18.193384,9332000
2002-01-24,22.450001,22.690001000000002,21.91,22.305,18.156751999999997,12547400
2002-01-25,22.125,22.469998999999998,21.9,22.35,18.193384,11677800
2002-01-28,22.475,22.950001,22.25,22.895,18.637026000000002,7773000
2002-01-29,22.895,23.174999,21.825001,21.875,17.806729999999998,8792600
2002-01-30,21.950001,22.424999,21.65,22.395,18.230014999999998,9318600
2002-01-31,22.445,23.129998999999998,22.41,23.035,18.75098,6730400
2002-02-01,23.075001,23.15,22.775,22.85,18.600393,8305400
2002-02-04,23.25,23.57,23.025,23.18,18.869028,11751000
2002-02-05,23.219998999999998,23.459999,22.950001,23.0,18.722502,9053800
2002-02-06,23.1,23.1,22.525,22.58,18.380613,6242800
2002-02-07,22.58,22.799999,21.75,21.790001,17.737532,9660800
2002-02-08,21.75,22.625,21.625,22.6,18.396889,8540200
2002-02-11,22.525,23.035,22.504998999999998,22.815001000000002,18.571913000000002,6432800
2002-02-12,22.690001000000002,22.875,22.57,22.764999,18.531202,3332800
2002-02-13,22.75,23.295,22.75,23.08,18.787622,7898200
2002-02-14,23.35,23.475,22.905001000000002,23.059998999999998,18.771345,5056000
2002-02-15,23.184998999999998,23.200001,22.655001000000002,22.799999,18.559685,6650400
2002-02-19,22.540001,23.200001,22.43,22.475,18.295134,5885800
2002-02-20,22.450001,22.995001000000002,22.365,22.93,18.665514,6601000
2002-02-21,22.93,23.485001,22.735001,22.754998999999998,18.523062,6419600
2002-02-22,22.629998999999998,23.025,22.209999,23.025,18.742853,8512200
2002-02-25,23.5,23.889999,23.325001,23.745001000000002,19.328947,14238200
2002-02-26,23.745001000000002,23.85,22.955,23.235001,18.913795,12958000
2002-02-27,23.725,23.75,22.5,22.605,18.400961,11374800
2002-02-28,22.575001,22.844998999999998,21.725,22.625,18.41724,15018800
2002-03-01,22.504998999999998,22.625,21.6,21.995001000000002,17.904405999999998,11386800
2002-03-04,21.4,21.65,20.844998999999998,21.65,17.623564000000002,23106000
2002-03-05,21.25,21.35,20.674999,20.825001,16.952005,15313400
2002-03-06,20.950001,21.5,20.924999,21.495001000000002,17.497404,8448200
2002-03-07,21.75,21.915001,21.030001000000002,21.530001000000002,17.525883,10757000
2002-03-08,21.9,22.014999,21.24,21.375,17.399717000000003,9100200
2002-03-11,21.125,21.315001000000002,20.799999,21.125,17.196215,9337400
2002-03-12,21.025,21.975,20.955,21.809998999999998,17.753817,7568000
2002-03-13,21.745001000000002,22.025,21.440001000000002,21.99,17.900335000000002,7477400
2002-03-14,21.950001,22.395,21.809998999999998,21.885,17.814867,6770400
2002-03-15,22.110001,22.42,21.725,22.42,18.250359,8982000
2002-03-18,22.545,22.559998999999998,21.790001,21.915001,17.839287,7145600
2002-03-19,21.950001,22.469998999999998,21.950001,22.195,18.067217000000003,7017200
2002-03-20,21.9,22.610001,21.85,22.445,18.270720999999998,7771400
2002-03-21,22.35,22.625,22.209999,22.415001,18.246302,8082000
2002-03-22,22.35,22.799999,22.184998999999998,22.514999,18.327703,6439600
2002-03-25,22.725,22.725,21.959999,21.98,17.8922,6418400
2002-03-26,21.855,22.125,21.674999,21.975,17.888123999999998,7983600
2002-03-27,22.040001,22.075001,21.75,21.85,17.786376999999998,8519800
2002-03-28,22.0,22.0,21.405001000000002,21.745001000000002,17.700907,8737400
2002-04-01,21.5,21.735001,21.34,21.615,17.595081,8608800
2002-04-02,21.615,21.725,21.455,21.48,17.485189000000002,8368400
2002-04-03,21.450001,21.674999,20.950001,21.025,17.114798999999998,8290200
2002-04-04,21.225,21.549999,21.200001,21.370001000000002,17.395653,5625400
2002-04-05,21.700001,21.975,21.65,21.75,17.704971,6824400
2002-04-08,21.75,22.15,21.65,22.1,17.989885,3834400
2002-04-09,22.1,22.450001,22.0,22.42,18.250359,5028200
2002-04-10,22.440001000000002,22.629998999999998,22.264999,22.605,18.400961,6709000
2002-04-11,22.605,22.85,22.025,22.075001,17.969535999999998,5818400
2002-04-12,22.125,22.6,22.025,22.389999,18.225948000000002,4754000
2002-04-15,22.389999,22.395,21.915001,22.075001,17.969535999999998,3474000
2002-04-16,22.125,22.59,21.924999,22.59,18.388754000000002,5264000
2002-04-17,22.49,22.49,22.02,22.094998999999998,17.993782,4662800
2002-04-18,22.325001,22.395,22.025,22.280001000000002,18.144444,6104600
2002-04-19,22.295,22.475,22.245001000000002,22.25,18.120001000000002,3515800
2002-04-22,22.4,22.584999,22.030001000000002,22.17,18.054852,4852200
2002-04-23,22.295,22.445,22.049999,22.129998999999998,18.022276,3798600
2002-04-24,22.299999,22.424999,21.549999,21.674999,17.651737,5923800
2002-04-25,21.35,21.825001,21.305,21.700001,17.672092000000003,7288800
2002-04-26,21.825001,21.924999,21.4,21.434998999999998,17.456282,4728200
2002-04-29,21.5,21.530001000000002,21.254998999999998,21.280001000000002,17.330054999999998,4452600
2002-04-30,21.25,21.530001000000002,21.0,21.145,17.220116,8824800
2002-05-01,21.195,21.450001,20.875,21.34,17.378912,6888400
2002-05-02,21.450001,21.834999,21.375,21.745001000000002,17.70874,6180800
2002-05-03,21.745001000000002,21.959999,21.525,21.805,17.757599,6116600
2002-05-06,21.700001,21.74,20.950001,20.950001,17.061308,5050400
2002-05-07,20.950001,21.225,20.725,20.865,16.992085,8044400
2002-05-08,21.125,21.334999,20.815001000000002,21.049999,17.142744,6382400
2002-05-09,21.075001,21.629998999999998,21.040001,21.4,17.427782,10143000
2002-05-10,21.424999,21.424999,20.785,20.9,17.02059,4307000
2002-05-13,20.875,20.995001000000002,20.635,20.83,16.963587,4970200
2002-05-14,21.125,21.940001000000002,21.125,21.875,17.814615,7321400
2002-05-15,21.674999,22.125,21.674999,22.004998999999998,17.920482999999997,5882800
2002-05-16,21.870001000000002,22.105,21.775,21.83,17.777954,4058400
2002-05-17,21.955,22.4,21.84,22.379998999999998,18.225872,6137400
2002-05-20,23.17,23.59,23.15,23.4,19.056542999999998,19831000
2002-05-21,23.450001,23.575001,23.049999,23.065001000000002,18.783737,17056600
2002-05-22,22.875,23.514999,22.875,23.49,19.129837,12719600
2002-05-23,23.625,24.004998999999998,23.485001,24.0,19.545177,10017200
2002-05-24,24.450001,24.995001000000002,23.969998999999998,24.049999,19.585892,12197800
2002-05-28,24.1,24.18,23.200001,23.995001000000002,19.541104999999998,14174200
2002-05-29,23.799999,24.305,23.790001,24.02,19.561459,12505400
2002-05-30,23.879998999999998,24.040001,23.745001000000002,23.945,19.500383,11049200
2002-05-31,23.775,24.15,22.875,23.58,19.203132999999998,24944000
2002-06-03,23.5,23.575001,22.620001000000002,22.625,18.425398,9557000
2002-06-04,22.674999,23.1,22.5,23.0,18.730793,11626600
2002-06-05,23.15,23.875,23.125,23.715,19.313074,11320200
2002-06-06,23.875,23.875,23.0,23.174999,18.873306,7970800
2002-06-07,23.15,23.355,22.764999,23.174999,18.873306,8403600
2002-06-10,23.424999,23.805,23.360001,23.5,19.137983,5935400
2002-06-11,23.799999,24.27,23.57,23.575001,19.199059,9195600
2002-06-12,23.4,23.905001000000002,23.299999,23.75,19.341583,9320800
2002-06-13,23.65,23.82,23.025,23.405001000000002,19.060623,6921400
2002-06-14,23.405001000000002,23.450001,22.754998999999998,23.42,19.072832000000002,9292400
2002-06-17,23.424999,24.0,23.299999,23.895,19.459665,9704600
2002-06-18,23.85,23.875,22.525,22.6,18.405035,17214400
2002-06-19,22.6,23.24,22.525,22.684998999999998,18.474257,10527000
2002-06-20,22.950001,23.125,22.205,22.299999,18.160723,8182400
2002-06-21,22.125,22.6,22.1,22.200001,18.079287,7596600
2002-06-24,22.0,22.75,21.875,22.299999,18.160723,10775400
2002-06-25,22.625,23.0,22.025,22.200001,18.079287,7411000
2002-06-26,21.799999,22.35,21.674999,22.205,18.083364000000003,10810000
2002-06-27,22.4,22.870001000000002,21.75,22.85,18.608636999999998,9881800
2002-06-28,22.65,23.025,22.275,22.700001,18.486483,9180800
2002-07-01,22.700001,22.98,22.1,22.18,18.063005,6316600
2002-07-02,22.18,22.299999,21.575001,21.9,17.834970000000002,9887200
2002-07-03,21.85,22.059998999999998,20.9,22.025,17.936766,11367600
2002-07-05,22.25,22.9,22.245001000000002,22.844998999999998,18.604563,3432400
2002-07-08,22.950001,23.215,22.530001000000002,23.125,18.832582000000002,6562600
2002-07-09,23.09,23.174999,22.15,22.325001,18.181089,8144400
2002-07-10,22.325001,22.575001,21.475,21.549999,17.549932000000002,10399000
2002-07-11,21.26,21.879998999999998,20.290001,21.6,17.590654,14828800
2002-07-12,20.5,20.855,19.665001,20.09,16.360937,28962000
2002-07-15,19.950001,20.5,19.02,20.5,16.694839,16852200
2002-07-16,20.049999,20.254998999999998,18.65,18.799999,15.310382999999998,23030600
2002-07-17,19.25,19.65,18.26,19.094998999999998,15.558902999999999,15930600
2002-07-18,19.0,19.745001000000002,18.809998999999998,18.924999,15.420389000000002,11299800
2002-07-19,18.375,18.700001,17.924999,18.014999,14.678901999999999,10426000
2002-07-22,17.625,18.174999,16.85,17.459999,14.226683999999999,15631000
2002-07-23,17.465,18.125,17.0,17.110001,13.941497,13539800
2002-07-24,16.525,18.754998999999998,16.35,18.75,15.277792000000002,16798800
2002-07-25,18.49,18.49,17.205,17.540001,14.291869,15170600
2002-07-26,17.6,18.325001,17.25,17.795,14.49964,11605200
2002-07-29,17.975,18.875,17.975,18.825001,15.33891,10378000
2002-07-30,18.700001,19.280001000000002,18.299999,19.045,15.518175,10835000
2002-07-31,19.049999,19.075001,18.299999,18.924999,15.420389000000002,10536400
2002-08-01,18.625,18.799999,17.5,17.715,14.434464000000002,8837200
2002-08-02,17.450001,17.525,16.25,16.75,13.648164999999999,14980200
2002-08-05,16.780001000000002,17.35,16.735001,16.82,13.705201,9180400
2002-08-06,17.1,18.25,17.049999,17.825001,14.524094,10570000
2002-08-07,18.1,18.280001000000002,17.700001,18.24,14.862238,11178600
2002-08-08,18.195,18.200001,16.799999,17.610001,14.348904000000001,18836400
2002-08-09,17.360001,17.700001,17.165001,17.42,14.194087,11178200
2002-08-12,16.950001,17.4,16.834999,17.32,14.112611,9592400
2002-08-13,17.15,18.200001,17.1,17.24,14.047424,8287400
2002-08-14,17.450001,18.4,17.299999,18.375,14.972237,10946000
2002-08-15,18.450001,19.055,18.434998999999998,18.969998999999998,15.457046,8891600
2002-08-16,18.85,18.85,18.295,18.395,14.988541,8163800
2002-08-19,19.75,20.549999,19.305,20.5,16.703723999999998,23697200
2002-08-20,20.5,21.075001,20.4,21.0,17.111126000000002,16457000
2002-08-21,21.25,21.559998999999998,21.049999,21.42,17.453352,14705000
2002-08-22,21.5,22.1,21.305,22.004998999999998,17.930019,10856600
2002-08-23,21.950001,21.975,21.299999,21.41,17.445206,9733800
2002-08-26,21.5,21.68,21.035,21.635,17.628531,9885200
2002-08-27,21.674999,21.834999,20.875,20.99,17.102982,8176600
2002-08-28,20.625,20.860001,20.295,20.525,16.724092000000002,7623000
2002-08-29,20.35,20.77,20.200001,20.525,16.724092000000002,7663600
2002-08-30,20.450001,21.075001,20.415001,20.690001000000002,16.858532,5861800
2002-09-03,20.565001000000002,20.75,20.125,20.514999,16.715942000000002,9420200
2002-09-04,20.5,21.254998999999998,20.375,21.135,17.221132,13063600
2002-09-05,20.625,21.5,20.6,21.139999,17.225195000000003,9703200
2002-09-06,21.625,22.125,21.605,22.014999,17.938166,13790200
2002-09-09,22.0,22.1,21.5,22.045,17.962616,11203600
2002-09-10,22.17,22.305,21.799999,22.26,18.1378,8767200
2002-09-11,22.16,22.9,22.129998999999998,22.6,18.414839,8127400
2002-09-12,22.485001,22.49,21.785,21.844998999999998,17.799644,7728200
2002-09-13,21.700001,22.485001,21.665001,22.485001,18.321129,6355200
2002-09-16,22.485001,22.85,22.35,22.735001,18.524839,7557600
2002-09-17,22.969998999999998,23.0,22.030001000000002,22.030001000000002,17.950395999999998,8613400
2002-09-18,21.905001000000002,22.525,21.575001,22.405001000000002,18.255943,12062200
2002-09-19,22.1,22.219998999999998,21.575001,21.65,17.64076,7073000
2002-09-20,21.65,21.82,21.145,21.195,17.270020000000002,9860000
2002-09-23,21.129998999999998,21.129998999999998,20.225,20.65,16.825941,11778000
2002-09-24,20.655001000000002,20.735001,19.795,20.305,16.544829999999997,10331000
2002-09-25,20.625,21.0,20.174999,20.815001000000002,16.96039,13522600
2002-09-26,20.940001000000002,21.860001,20.815001000000002,21.825001,17.783354,12331600
2002-09-27,21.75,21.975,21.195,21.24,17.306683,11953800
2002-09-30,21.065001000000002,21.07,20.34,20.700001,16.866684,14580200
2002-10-01,20.700001,21.15,19.895,21.1,17.192614000000003,17045600
2002-10-02,21.075001,21.16,20.325001,20.584999,16.772978,10999400
2002-10-03,20.125,20.434998999999998,19.745001000000002,19.950001,16.255573000000002,12836800
2002-10-04,20.25,20.35,19.049999,19.93,16.239288000000002,17290400
2002-10-07,19.799999,19.975,18.665001,18.735001,15.265569000000001,16911600
2002-10-08,19.0,20.125,18.809998999999998,19.674999,16.031494,16674000
2002-10-09,19.450001,19.5,18.445,18.75,15.277792000000002,13632000
2002-10-10,18.440001000000002,18.965,18.245001000000002,18.530001000000002,15.098532999999998,17375000
2002-10-11,19.025,19.775,18.889999,19.450001,15.848164,12719800
2002-10-14,19.375,20.34,19.25,19.855,16.178164000000002,8584000
2002-10-15,20.75,21.35,20.700001,20.985001,17.098913,14450000
2002-10-16,20.985001,20.995001000000002,20.535,20.92,17.05407,9665600
2002-10-17,21.75,21.75,21.120001000000002,21.375,17.424992,11433400
2002-10-18,21.375,22.075001,21.105,22.075001,17.995634,9209600
2002-10-21,21.775,22.280001000000002,21.25,22.200001,18.097534,9752200
2002-10-22,22.075001,22.405001000000002,21.4,21.625,17.628788,9023600
2002-10-23,21.5,21.875,21.245001000000002,21.625,17.628788,9856600
2002-10-24,22.0,22.4,21.75,21.91,17.861122,12640800
2002-10-25,21.775,22.1,21.665001,21.924999,17.873356,7985600
2002-10-28,22.049999,22.059998999999998,21.209999,21.365,17.416843,6340600
2002-10-29,21.254998999999998,21.969998999999998,20.775,21.855,17.816282,10758600
2002-10-30,21.860001,21.860001,21.275,21.475,17.506510000000002,8212400
2002-10-31,21.475,21.645,20.700001,20.865,17.009239,8500800
2002-11-01,20.870001000000002,21.129998999999998,20.375,21.049999,17.160044,12728400
2002-11-04,21.1,21.24,20.559998999999998,20.6,16.793201,9127800
2002-11-05,20.525,20.950001,20.450001,20.950001,17.07852,7457000
2002-11-06,21.049999,21.075001,20.34,20.82,16.972549,9228200
2002-11-07,20.620001000000002,20.77,19.885,19.985001,16.291851,11078600
2002-11-08,19.99,20.174999,19.5,19.735001,16.088060000000002,6418800
2002-11-11,19.700001,19.799999,19.200001,19.360001,15.782344,6292600
2002-11-12,19.360001,20.25,19.355,19.775,16.120667,9808200
2002-11-13,19.775,20.334999,19.475,20.15,16.426357,8050000
2002-11-14,20.575001,21.049999,20.450001,20.945,17.074453,8816400
2002-11-15,20.924999,21.504998999999998,20.799999,21.25,17.32309,11687800
2002-11-18,21.9,21.9,20.275,20.35,16.589409,19655600
2002-11-19,20.35,20.35,18.950001,19.49,15.888333,31302600
2002-11-20,19.65,19.725,18.915001,18.950001,15.448118,24376200
2002-11-21,19.385,19.825001,18.955,19.58,15.961701000000001,17095800
2002-11-22,19.58,19.85,19.4,19.450001,15.855723000000001,9753600
2002-11-25,19.559998999999998,20.125,19.455,19.950001,16.263323,11367200
2002-11-26,20.25,21.0,19.66,19.825001,16.161427,10079600
2002-11-27,20.225,20.85,20.125,20.75,16.915482,9858000
2002-11-29,20.9,20.995001000000002,20.674999,20.75,16.915482,4175400
2002-12-02,21.25,21.34,20.450001,20.58,16.776897,9668600
2002-12-03,20.584999,20.674999,20.075001,20.209999,16.475279,9362400
2002-12-04,19.975,20.950001,19.875,20.799999,16.956249,10046800
2002-12-05,20.805,20.92,20.450001,20.575001,16.772835,7577600
2002-12-06,20.325001,20.57,20.0,20.405001000000002,16.634239,8964000
2002-12-09,20.41,20.41,19.805,19.924999,16.242937,8923200
2002-12-10,19.975,20.4,19.9,20.299999,16.548645,8313600
2002-12-11,20.049999,20.200001,19.700001,19.889999,16.214415,8452400
2002-12-12,20.049999,20.08,19.73,19.895,16.218489,5079800
2002-12-13,19.549999,19.709999,19.25,19.455,15.8598,7675800
2002-12-16,19.325001,19.959999,19.25,19.959999,16.271473,8779200
2002-12-17,19.965,19.965,19.299999,19.4,15.814960000000001,7791600
2002-12-18,19.424999,19.575001,18.969998999999998,19.1,15.5704,8323600
2002-12-19,19.125,19.475,18.82,18.9,15.407359,8183000
2002-12-20,19.15,19.325001,18.68,19.18,15.635615,10408000
2002-12-23,19.18,19.18,18.575001,18.745001000000002,15.281004000000001,6973000
2002-12-24,18.5,18.535,18.325001,18.424999,15.020137,3957000
2002-12-26,18.424999,18.99,18.424999,18.66,15.211707999999998,5321400
2002-12-27,18.610001,18.684998999999998,18.25,18.4,14.999751000000002,4419800
2002-12-30,18.4,19.0,18.375,18.924999,15.427738,10308200
2002-12-31,18.924999,19.1,18.655001000000002,18.75,15.285077,6381200
2003-01-02,18.950001,19.754998999999998,18.950001,19.674999,16.039139000000002,10364400
2003-01-03,19.674999,19.674999,18.059998999999998,18.459999,15.048666,31357600
2003-01-06,18.625,18.74,18.25,18.25,14.877475,15840400
2003-01-07,18.5,18.74,18.375,18.475,15.060897,14270000
2003-01-08,18.525,18.889999,18.450001,18.584999,15.150563,11049400
2003-01-09,18.790001,19.275,18.790001,19.209999,15.660073,14986400
2003-01-10,19.075001,19.525,18.975,19.225,15.672303,7290400
2003-01-13,19.5,19.504998999999998,18.955,19.025,15.509265,6801400
2003-01-14,18.5,19.025,18.5,18.865,15.378824,8424000
2003-01-15,19.0,19.125,18.809998999999998,19.0,15.499149,8045800
2003-01-16,19.025,19.209999,18.75,18.91,15.425729,7897400
2003-01-17,18.84,18.895,18.344998999999998,18.35,14.968919,10745000
2003-01-21,18.475,18.525,17.825001,17.825001,14.540647,10510000
2003-01-22,17.83,18.045,17.57,17.575001,14.336716000000001,11973400
2003-01-23,17.68,17.870001000000002,17.4,17.5,14.275529999999998,12668000
2003-01-24,17.5,17.530001000000002,16.934998999999998,17.059998999999998,13.916602,10568800
2003-01-27,17.059998999999998,17.459999,17.0,17.200001,14.030807000000001,10750800
2003-01-28,17.325001,17.530001000000002,17.280001000000002,17.299999,14.11239,9256400
2003-01-29,17.295,17.450001,17.059998999999998,17.309998999999998,14.120546,7581200
2003-01-30,17.450001,17.68,16.934998999999998,17.0,13.867655,8808400
2003-01-31,16.950001,17.48,16.93,17.09,13.941078,10919600
2003-02-03,17.275,17.775,17.254998999999998,17.65,14.397896,10710400
2003-02-04,17.65,17.65,17.25,17.395,14.189879000000001,6306800
2003-02-05,17.5,17.625,17.27,17.309998999999998,14.120546,7070400
2003-02-06,17.309998999999998,17.6,17.135,17.32,14.1287,9374200
2003-02-07,17.625,17.719998999999998,16.9,17.040001,13.90029,7013400
2003-02-10,17.165001,17.25,16.825001,17.200001,14.030807000000001,6293000
2003-02-11,17.375,17.52,17.125,17.285,14.100144,6791000
2003-02-12,17.25,17.495001000000002,17.120001000000002,17.129998999999998,13.973706,4532200
2003-02-13,17.15,17.15,16.684998999999998,17.004998999999998,13.871737,5447400
2003-02-14,16.950001,17.48,16.76,17.48,14.259217000000001,9359400
2003-02-18,17.495001000000002,18.08,17.48,17.83,14.544732000000002,7393800
2003-02-19,17.764999,17.9,17.475,17.5,14.275529999999998,6429800
2003-02-20,17.450001,17.725,17.434998999999998,17.475,14.255139999999999,7319000
2003-02-21,17.5,18.129998999999998,17.415001,18.01,14.691557999999999,9487200
2003-02-24,18.924999,19.25,18.555,19.049999,15.539942000000002,26109200
2003-02-25,18.875,19.309998999999998,18.549999,19.309998999999998,15.75203,15454800
2003-02-26,19.174999,19.83,19.174999,19.5,15.907023,13905200
2003-02-27,19.725,19.75,19.200001,19.415001,15.837684,9731200
2003-02-28,19.5,19.799999,19.495001000000002,19.65,16.029385,9629200
2003-03-03,19.775,19.934998999999998,19.549999,19.635,16.017143,12844200
2003-03-04,19.205,19.5,18.745001000000002,18.775,15.315601999999998,16390200
2003-03-05,18.875,18.915001,18.450001,18.809998999999998,15.344163,12804600
2003-03-06,18.709999,19.049999,18.495001000000002,18.725,15.274819,9513800
2003-03-07,18.725,19.094998999999998,17.98,19.02,15.515467000000001,10471200
2003-03-10,18.799999,18.965,18.4,18.49,15.083120999999998,7716000
2003-03-11,18.450001,18.594998999999998,18.129998999999998,18.200001,14.846551999999999,8972600
2003-03-12,18.1,18.485001,17.725,18.450001,15.050491000000001,7578000
2003-03-13,18.639999,19.379998999999998,18.6,19.290001,15.735717999999999,10661400
2003-03-14,19.290001,19.690001000000002,19.17,19.525,15.927415,9614200
2003-03-17,19.5,20.094998999999998,19.135,20.049999,16.355679000000002,13566200
2003-03-18,20.045,20.145,19.575001,20.135,16.425014,9885200
2003-03-19,19.9,20.58,19.895,20.469998999999998,16.698294,9520400
2003-03-20,20.84,20.84,20.0,20.58,16.788025,8756200
2003-03-21,20.950001,21.334999,20.674999,21.27,17.350889000000002,10566000
2003-03-24,20.77,20.77,20.254998999999998,20.395,16.637107999999998,9406800
2003-03-25,20.4,20.885,20.4,20.75,16.926699,9603200
2003-03-26,20.725,21.254998999999998,20.700001,21.014999,17.142878,9553000
2003-03-27,20.76,20.975,20.625,20.844998999999998,17.0042,5871400
2003-03-28,20.799999,20.799999,20.379998999999998,20.475,16.702372,9151200
2003-03-31,20.264999,20.615,20.0,20.41,16.649349,8939800
2003-04-01,20.525,20.67,20.15,20.565001000000002,16.775795000000002,9285600
2003-04-02,21.285,21.469998999999998,20.754998999999998,21.155001000000002,17.257076,9305200
2003-04-03,21.424999,21.75,21.17,21.514999,17.550749,10034800
2003-04-04,21.575001,21.76,21.325001,21.575001,17.599689,8006600
2003-04-07,22.0,22.15,21.674999,21.700001,17.701658,10923200
2003-04-08,21.700001,21.74,21.42,21.559998999999998,17.587454,12422200
2003-04-09,21.65,21.85,21.25,21.315001000000002,17.387587,9648600
2003-04-10,21.360001,21.844998999999998,21.33,21.825001,17.803639999999998,9376000
2003-04-11,22.145,22.23,21.855,21.950001,17.905598,8310800
2003-04-14,21.950001,22.245001000000002,21.709999,22.219998999999998,18.125847,6947400
2003-04-15,22.200001,22.83,22.049999,22.715,18.54007,12310600
2003-04-16,22.725,22.834999,22.275,22.35,18.242153,9811600
2003-04-17,22.355,22.885,22.165001,22.825001,18.629858,10099800
2003-04-21,22.825001,22.91,22.535,22.780001000000002,18.593121,9135600
2003-04-22,22.575001,23.0,22.530001000000002,22.85,18.650259,9048800
2003-04-23,22.75,22.780001000000002,22.450001,22.58,18.42989,10569400
2003-04-24,22.35,22.525,22.17,22.4,18.282963,6816200
2003-04-25,22.5,22.52,22.075001,22.209999,18.127888000000002,5324000
2003-04-28,22.209999,22.5,22.075001,22.440001000000002,18.315610999999997,6954200
2003-04-29,22.5,22.77,22.35,22.35,18.242153,8846400
2003-04-30,22.299999,22.299999,21.825001,21.945,17.911594,13976200
2003-05-01,21.825001,21.83,21.305,21.754998999999998,17.756510000000002,10622000
2003-05-02,21.799999,22.315001000000002,21.775,22.075001,18.017692999999998,9592800
2003-05-05,22.225,22.34,22.025,22.025,17.976889,7006400
2003-05-06,22.200001,22.709999,22.155001000000002,22.245001000000002,18.156454,10282400
2003-05-07,22.174999,22.629998999999998,22.1,22.360001,18.250315,7446800
2003-05-08,22.275,22.700001,22.205,22.299999,18.201351000000003,7739200
2003-05-09,22.4,22.655001000000002,22.190001000000002,22.645,18.482931,5520400
2003-05-12,22.65,23.215,22.450001,23.1,18.854309,8314800
2003-05-13,22.950001,23.025,22.709999,22.775,18.589041,7171600
2003-05-14,22.825001,22.975,22.219998999999998,22.27,18.176853,7127000
2003-05-15,22.5,22.535,21.959999,22.41,18.291124,11185800
2003-05-16,22.33,22.41,21.975,22.15,18.078915,9289200
2003-05-19,21.15,21.25,20.049999,20.15,16.446507999999998,32897400
2003-05-20,20.370001000000002,20.575001,19.1,19.5,15.915976,44641400
2003-05-21,19.504998999999998,20.200001,19.504998999999998,20.115,16.417944,17271800
2003-05-22,20.225,20.225,19.924999,20.075001,16.385296,8798600
2003-05-23,20.075001,20.08,19.764999,19.934998999999998,16.271025,7361600
2003-05-27,19.940001000000002,20.6,19.825001,20.360001,16.617912,12768600
2003-05-28,20.6,20.924999,20.055,20.684998999999998,16.883179000000002,10147600
2003-05-29,20.700001,20.950001,20.5,20.545,16.768911,10666600
2003-05-30,20.825001,21.18,20.684998999999998,21.129998999999998,17.246384,11015800
2003-06-02,21.299999,21.555,21.045,21.1,17.221907,12092200
2003-06-03,21.1,21.965,21.1,21.870001000000002,17.850382,14613000
2003-06-04,21.885,22.275,21.83,22.200001,18.119719,12399400
2003-06-05,21.950001,22.535,21.885,22.450001,18.323776000000002,8741200
2003-06-06,22.575001,22.625,21.950001,21.98,17.940154999999997,12295800
2003-06-09,21.975,22.049999,21.4,21.424999,17.487169,10627800
2003-06-10,21.450001,22.219998999999998,21.450001,22.110001,18.046267,9408200
2003-06-11,22.110001,22.110001,21.66,22.059998999999998,18.005454999999998,9569800
2003-06-12,22.1,22.43,22.065001000000002,22.375,18.262558,8490800
2003-06-13,22.299999,22.35,21.959999,22.075001,18.017692999999998,8976800
2003-06-16,22.35,22.625,22.135,22.584999,18.43396,8094200
2003-06-17,22.584999,22.735001,22.370001000000002,22.605,18.450291,9209600
2003-06-18,22.450001,22.92,22.405001000000002,22.66,18.495179999999998,8050600
2003-06-19,22.655001000000002,22.775,22.285,22.375,18.262558,7414800
2003-06-20,22.375,22.48,21.975,22.1,18.038104999999998,8880000
2003-06-23,22.025,22.075001,21.514999,21.65,17.670813,7814400
2003-06-24,21.575001,21.860001,21.549999,21.674999,17.691214000000002,6401000
2003-06-25,21.85,22.440001000000002,21.615,21.700001,17.711624,9376000
2003-06-26,21.700001,21.844998999999998,21.395,21.815001000000002,17.805489,7766400
2003-06-27,21.84,22.0,21.504998999999998,21.559998999999998,17.597357000000002,5093000
2003-06-30,21.549999,21.844998999999998,21.42,21.475,17.527973,6878000
2003-07-01,21.41,21.424999,20.905001000000002,21.275,17.36474,10197400
2003-07-02,21.365,21.495001000000002,21.209999,21.280001000000002,17.368810999999997,7691200
2003-07-03,21.075001,21.225,21.0,21.059998999999998,17.189255,4559000
2003-07-07,21.35,21.785,21.155001000000002,21.754998999999998,17.756510000000002,8420600
2003-07-08,21.865,22.855,21.855,22.65,18.48702,12841000
2003-07-09,22.700001,22.73,22.475,22.475,18.344186999999998,8668600
2003-07-10,22.475,22.65,21.879998999999998,22.605,18.450291,10540000
2003-07-11,22.85,23.610001,22.815001000000002,23.434998999999998,19.127733,14630400
2003-07-14,23.57,23.83,23.375,23.605,19.266495000000003,9372800
2003-07-15,23.785,24.025,23.200001,23.545,19.217518,10593400
2003-07-16,23.549999,23.715,23.280001000000002,23.535,19.219563,7386800
2003-07-17,23.504998999999998,23.785,23.290001,23.32,19.043985,6990000
2003-07-18,23.424999,23.610001,23.200001,23.514999,19.203228,5750400
2003-07-21,23.375,23.620001000000002,23.235001,23.25,18.986822,6528000
2003-07-22,22.855,23.705,22.855,23.5,19.190981,8728200
2003-07-23,23.625,23.775,23.395,23.75,19.395138,5449000
2003-07-24,23.775,24.040001,23.545,23.549999,19.23181,6744800
2003-07-25,23.6,24.17,23.575001,24.115,19.693213,7095000
2003-07-28,24.115,24.355,23.98,24.17,19.738125,6973000
2003-07-29,24.165001,24.200001,23.65,23.75,19.395138,9215600
2003-07-30,23.74,23.76,23.41,23.67,19.329813,10144800
2003-07-31,23.83,24.25,23.645,23.780001000000002,19.419635999999997,6911600
2003-08-01,23.780001000000002,23.815001000000002,23.35,23.5,19.190981,7292000
2003-08-04,23.309998999999998,23.424999,22.77,23.34,19.060314,7619000
2003-08-05,23.365,23.475,22.965,22.965,18.754078,7281200
2003-08-06,22.934998999999998,23.125,22.825001,22.905001000000002,18.70508,8319600
2003-08-07,23.1,23.195,22.799999,23.115,18.876573999999998,6624000
2003-08-08,23.15,23.705,23.139999,23.450001,19.150145000000002,5759600
2003-08-11,23.475,23.68,23.235001,23.41,19.117473999999998,4070400
2003-08-12,23.575001,24.195,23.545,24.174999,19.742212,7737400
2003-08-13,24.174999,24.275,23.799999,23.93,19.542131,5863000
2003-08-14,23.9,24.25,23.82,24.139999,19.713621,5885200
2003-08-15,24.174999,24.450001,24.075001,24.450001,19.966784,3529400
2003-08-18,25.5,26.18,25.174999,25.98,21.21624,25883200
2003-08-19,26.23,26.455,26.0,26.334999,21.506142,17177400
2003-08-20,26.299999,26.690001000000002,26.200001,26.549999,21.681723,9411200
2003-08-21,26.549999,27.129998999999998,26.5,26.735001,21.832801999999997,8383200
2003-08-22,26.969998999999998,26.969998999999998,26.365,26.455,21.604143,5898200
2003-08-25,26.4,26.469998999999998,26.025,26.43,21.583721,5275400
2003-08-26,26.35,26.440001000000002,25.905001000000002,26.309998999999998,21.485727,6655000
2003-08-27,26.15,26.665001,26.145,26.625,21.742977,5678600
2003-08-28,26.65,27.440001000000002,26.65,27.254998999999998,22.257456,7701600
2003-08-29,27.254998999999998,27.475,27.125,27.43,22.40036,7080400
2003-09-02,27.379998999999998,27.485001,26.975,27.264999,22.265619,7143800
2003-09-03,27.450001,27.629998999999998,27.344998999999998,27.535,22.486117999999998,8859600
2003-09-04,27.535,27.950001,27.035,27.940001000000002,22.816851,10143800
2003-09-05,27.940001000000002,27.940001000000002,26.889999,27.25,22.253372,10507200
2003-09-08,27.200001,27.25,26.75,26.85,21.926712,8273800
2003-09-09,26.525,26.68,25.905001000000002,25.959999,21.199904999999998,10988400
2003-09-10,25.75,26.084999,25.52,25.530001000000002,20.848755,8980000
2003-09-11,25.655001000000002,25.895,25.445,25.76,21.036583,6856400
2003-09-12,25.76,25.950001,25.15,25.725,21.007998,11272200
2003-09-15,26.1,26.475,26.1,26.35,21.5184,11918400
2003-09-16,26.34,26.764999,26.01,26.65,21.763378,7539400
2003-09-17,26.775,26.825001,26.450001,26.455,21.604143,6541200
2003-09-18,26.4,26.855,26.1,26.75,21.845051,7926800
2003-09-19,26.799999,27.18,26.629998999999998,26.950001,22.008383,6043600
2003-09-22,26.65,26.875,26.264999,26.555,21.685807999999998,5665600
2003-09-23,26.959999,26.959999,26.200001,26.725,21.824629,9073800
2003-09-24,26.85,26.945,26.32,26.440001000000002,21.591888,9003000
2003-09-25,26.5,26.969998999999998,26.48,26.705,21.808301999999998,7121200
2003-09-26,26.705,26.799999,26.275,26.32,21.493896,5578800
2003-09-29,26.344998999999998,26.485001,26.025,26.370001000000002,21.534735,5118000
2003-09-30,26.32,26.32,25.34,25.950001,21.191751,11022600
2003-10-01,26.025,26.924999,26.0,26.834999,21.914465,7226400
2003-10-02,26.709999,27.094998999999998,26.615,27.0,22.049210000000002,4970200
2003-10-03,27.0,27.895,27.0,27.745001000000002,22.657602,9463200
2003-10-06,27.825001,28.504998999999998,27.785,28.395,23.188412,7921600
2003-10-07,28.395,28.75,28.174999,28.75,23.478327,10321800
2003-10-08,28.700001,28.844998999999998,28.565001000000002,28.629998999999998,23.380325,8507600
2003-10-09,28.629998999999998,29.254998999999998,28.200001,28.879998999999998,23.584484,8019200
2003-10-10,28.85,29.049999,28.469998999999998,28.469998999999998,23.249674,7191800
2003-10-13,28.65,29.195,28.65,29.02,23.698812,4945600
2003-10-14,29.02,29.26,28.725,29.25,23.886644,4648000
2003-10-15,29.235001,29.25,28.799999,28.959999,23.661947,7488000
2003-10-16,28.959999,29.25,28.855,29.24,23.890728,4342600
2003-10-17,29.27,29.469998999999998,28.59,28.725,23.46994,5909400
2003-10-20,28.85,29.17,28.719998999999998,29.145,23.813114000000002,4974000
2003-10-21,29.145,29.219998999999998,28.84,28.895,23.608852,7924800
2003-10-22,28.895,28.9,28.5,28.780001000000002,23.514881,4615200
2003-10-23,28.73,29.360001,28.65,29.325001,23.960182,7811200
2003-10-24,29.200001,29.35,28.530001000000002,28.924999,23.633356,7355200
2003-10-27,29.125,29.745001000000002,29.075001,29.35,23.980604,9092400
2003-10-28,29.450001,29.975,29.34,29.975,24.491264,10041200
2003-10-29,29.955,29.955,29.615,29.65,24.225723000000002,5880400
2003-10-30,29.85,29.9,29.365,29.725,24.287003,5478000
2003-10-31,29.795,29.799999,29.225,29.465,24.074568,7283000
2003-11-03,29.6,30.209999,29.540001,30.025,24.532114,5585200
2003-11-04,29.9,30.049999,29.705,29.82,24.364626,4616000
2003-11-05,29.82,29.82,29.155001000000002,29.4,24.021463,7090400
2003-11-06,29.275,29.695,29.049999,29.584999,24.172611,6568800
2003-11-07,29.799999,29.940001000000002,29.5,29.5,24.103161,4665400
2003-11-10,29.5,29.615,28.985001,28.995001000000002,23.69055,6582800
2003-11-11,28.995001000000002,29.424999,28.924999,29.325001,23.960182,5117600
2003-11-12,29.325001,29.514999,29.035,29.360001,23.988777,6737200
2003-11-13,29.360001,29.360001,28.635,28.975,23.674210000000002,6310600
2003-11-14,28.975,29.799999,28.9,29.315001000000002,23.952015,7604800
2003-11-17,29.18,29.459999,28.4,28.955,23.657869,12000600
2003-11-18,28.955,29.485001,28.549999,28.584999,23.355558,10781800
2003-11-19,28.700001,28.875,28.469998999999998,28.775,23.510798,4983000
2003-11-20,28.875,29.434998999999998,28.65,28.805,23.535308999999998,6495000
2003-11-21,29.0,29.084999,28.645,28.754998999999998,23.494455,4971600
2003-11-24,29.0,29.645,28.9,29.615,24.197126,5915600
2003-11-25,29.424999,29.559998999999998,29.245001000000002,29.35,23.980604,4944400
2003-11-26,29.41,29.415001,28.85,29.065001000000002,23.747742000000002,4456600
2003-11-28,29.065001000000002,29.25,29.025,29.15,23.8172,1675800
2003-12-01,29.18,29.309998999999998,28.785,29.309998999999998,23.947931,6778400
2003-12-02,29.125,29.295,28.75,28.775,23.510798,8891800
2003-12-03,28.875,29.065001000000002,28.549999,28.549999,23.326961999999998,9544600
2003-12-04,28.51,28.575001,27.25,28.040001,22.910265,11818000
2003-12-05,27.674999,28.450001,27.66,27.934998999999998,22.824461,7629600
2003-12-08,28.174999,28.395,27.83,28.395,23.200314000000002,6651400
2003-12-09,28.5,28.5,27.799999,27.940001000000002,22.828556,6487800
2003-12-10,27.775,27.940001000000002,27.025,27.23,22.248449,7268800
2003-12-11,27.27,28.110001,27.264999,27.815001000000002,22.726425,7315800
2003-12-12,27.889999,28.01,27.450001,27.525,22.489475,5470800
2003-12-15,28.15,28.200001,27.075001,27.09,22.134056,7060600
2003-12-16,27.174999,27.174999,26.219998999999998,26.780001000000002,21.880768,14169200
2003-12-17,26.525,27.530001000000002,26.525,27.42,22.403681,8044200
2003-12-18,27.5,27.85,27.35,27.805,22.718248000000003,5721800
2003-12-19,27.9,27.9,27.42,27.665001,22.603865,6904800
2003-12-22,27.67,27.815001000000002,27.014999,27.09,22.134056,8557000
2003-12-23,27.125,27.424999,26.950001,27.030001000000002,22.08503,5839800
2003-12-24,27.035,27.1,26.915001,27.0,22.060523999999997,2084600
2003-12-26,27.0,27.584999,27.0,27.43,22.411854,1960400
2003-12-29,27.375,27.52,27.174999,27.5,22.469048,4587200
2003-12-30,27.52,27.584999,27.16,27.475,22.448624,3434400
2003-12-31,27.6,27.795,27.555,27.695,22.628368,4679000
2004-01-02,27.924999,28.125,26.889999,26.950001,22.019669,6534400
2004-01-05,26.950001,26.99,26.700001,26.885,21.966562,7070000
2004-01-06,26.77,27.719998999999998,26.76,27.65,22.591611999999998,8403200
2004-01-07,27.525,27.795,27.08,27.65,22.591611999999998,5742200
2004-01-08,27.575001,27.655001000000002,26.809998999999998,26.93,22.003332,11276800
2004-01-09,26.879998999999998,27.200001,26.5,26.5,21.651991,10059600
2004-01-12,26.5,26.5,25.375,25.754998999999998,21.043287,21933400
2004-01-13,25.754998999999998,26.205,25.75,26.174999,21.38645,10353800
2004-01-14,26.325001,26.540001,26.24,26.459999,21.631706,10067000
2004-01-15,26.4,26.799999,25.895,26.545,21.701199,8503000
2004-01-16,26.950001,26.975,26.25,26.445,21.619452,10176000
2004-01-20,26.51,26.655001000000002,25.975,26.174999,21.398708,8338000
2004-01-21,26.275,27.1,26.200001,27.1,22.154922,8454800
2004-01-22,27.1,27.674999,27.004998999999998,27.605,22.567772,9348800
2004-01-23,27.73,27.875,27.525,27.639999,22.596386,7345200
2004-01-26,27.59,27.809998999999998,27.35,27.809998999999998,22.735363,5274200
2004-01-27,27.775,27.98,27.700001,27.76,22.69449,6647400
2004-01-28,27.75,27.895,26.795,26.9,21.991421,10151400
2004-01-29,26.9,27.0,26.475,26.65,21.787032999999997,12297800
2004-01-30,26.6,26.975,26.530001000000002,26.775,21.889221,4973400
2004-02-02,26.85,27.245001000000002,26.5,26.865,21.962805,7489200
2004-02-03,26.77,26.875,26.504998999999998,26.615,21.758421,4543000
2004-02-04,26.504998999999998,27.105,26.4,26.780001000000002,21.893318,6378200
2004-02-05,26.66,27.049999,26.59,26.844998999999998,21.946457000000002,6164800
2004-02-06,26.725,27.355,26.65,27.334999,22.347044,6494400
2004-02-09,27.34,27.969998999999998,27.195,27.674999,22.624994,7853000
2004-02-10,27.57,28.200001,27.57,28.045,22.927483,8304800
2004-02-11,28.045,28.924999,28.0,28.83,23.569241,8110800
2004-02-12,28.549999,28.905001000000002,28.379998999999998,28.549999,23.340339999999998,4724400
2004-02-13,28.85,28.955,28.504998999999998,28.799999,23.544718,9061000
2004-02-17,29.025,29.15,28.875,29.084999,23.777707999999997,7232400
2004-02-18,29.25,29.25,28.635,28.735001,23.49157,5986800
2004-02-19,28.950001,29.184998999999998,28.700001,28.764999,23.516108,8395800
2004-02-20,28.950001,29.33,28.5,29.190001000000002,23.863554,8622800
2004-02-23,28.645,28.764999,28.030001000000002,28.334999,23.164572,15541600
2004-02-24,28.15,28.450001,27.860001,28.1,22.97245,7160600
2004-02-25,28.1,28.225,27.629998999999998,27.764999,22.698574,8963400
2004-02-26,27.674999,28.059998999999998,27.48,27.91,22.817127,7101400
2004-02-27,27.5,28.125,27.5,28.0,22.890696,9600800
2004-03-01,28.049999,28.469998999999998,28.049999,28.375,23.197271,4824000
2004-03-02,28.190001000000002,28.280001000000002,27.475,27.639999,22.596386,13933800
2004-03-03,27.725,27.9,27.575001,27.764999,22.698574,6318000
2004-03-04,27.764999,27.799999,27.440001000000002,27.745001000000002,22.682223999999998,4709200
2004-03-05,27.514999,28.325001,27.379998999999998,27.735001,22.674055,9961800
2004-03-08,27.74,27.780001000000002,27.254998999999998,27.254998999999998,22.281643,5982400
2004-03-09,27.295,27.465,27.155001000000002,27.290001,22.310253,7164800
2004-03-10,27.290001,27.445,26.965,27.004998999999998,22.077257,6614000
2004-03-11,26.790001,26.924999,26.115,26.200001,21.419151,9197600
2004-03-12,26.325001,26.715,26.309998999999998,26.545,21.701199,7002000
2004-03-15,26.549999,26.85,26.215,26.245001000000002,21.455935999999998,6157800
2004-03-16,26.450001,26.5,25.969998999999998,26.165001,21.390539,7961200
2004-03-17,26.049999,26.895,26.035,26.85,21.950544,7183200
2004-03-18,26.85,27.475,26.754998999999998,27.42,22.416531,9587800
2004-03-19,27.4,27.465,27.040001,27.16,22.203976,5030800
2004-03-22,26.940001000000002,26.985001,26.5,26.58,21.729813,6835000
2004-03-23,26.6,26.684998999999998,26.395,26.445,21.619452,5755200
2004-03-24,26.33,26.5,25.885,26.370001000000002,21.558135999999998,7447000
2004-03-25,26.450001,27.450001,26.405001000000002,27.370001000000002,22.37566,8576400
2004-03-26,27.299999,27.93,27.25,27.809998999999998,22.735363,8556800
2004-03-29,27.934998999999998,28.32,27.875,28.280001000000002,23.119604000000002,6714200
2004-03-30,28.15,28.155001000000002,27.825001,27.950001,22.849817,5772800
2004-03-31,27.950001,28.305,27.84,28.065001000000002,22.943834,6718400
2004-04-01,27.940001000000002,28.125,27.635,27.905001000000002,22.813028,7146200
2004-04-02,28.1,28.15,27.299999,27.450001,22.441067,9934200
2004-04-05,27.275,27.725,27.254998999999998,27.690001000000002,22.63727,6729800
2004-04-06,27.5,27.690001000000002,27.5,27.6,22.563692,5603200
2004-04-07,27.995001000000002,27.995001000000002,27.0,27.030001000000002,22.097694,9835600
2004-04-08,27.41,27.42,26.575001,26.75,21.868793,9995400
2004-04-12,26.9,27.025,26.719998999999998,26.905001000000002,21.995507999999997,4696000
2004-04-13,27.0,27.139999,26.405001000000002,26.58,21.729813,10544600
2004-04-14,26.375,26.51,26.049999,26.219998999999998,21.447607,10705200
2004-04-15,26.299999,26.745001000000002,26.25,26.610001,21.766624,6731800
2004-04-16,26.610001,26.705,26.344998999999998,26.620001000000002,21.774804999999997,5036400
2004-04-19,26.620001000000002,26.655001000000002,26.245001000000002,26.43,21.619387,5127200
2004-04-20,26.700001,26.975,26.32,26.32,21.529408,5512000
2004-04-21,26.32,26.395,25.9,26.025,21.288097,6352200
2004-04-22,26.025,26.799999,25.93,26.645,21.795254,6273600
2004-04-23,26.559998999999998,26.875,26.405001000000002,26.77,21.897503,3539600
2004-04-26,26.9,27.18,26.549999,26.645,21.795254,6153000
2004-04-27,26.65,26.844998999999998,26.52,26.65,21.799339,8529600
2004-04-28,26.549999,26.674999,26.18,26.4,21.594847,6934400
2004-04-29,26.4,26.6,25.85,26.120001000000002,21.365807999999998,7720400
2004-04-30,26.625,26.625,26.004998999999998,26.030001000000002,21.292191,6992600
2004-05-03,26.275,26.5,26.105,26.174999,21.410791,6252000
2004-05-04,26.174999,26.190001000000002,25.764999,25.875,21.1654,7229400
2004-05-05,25.82,26.35,25.799999,26.225,21.451694,5995800
2004-05-06,26.15,26.155001000000002,25.555,25.75,21.06315,6652400
2004-05-07,25.625,25.834999,24.785,25.0,20.449667,13397600
2004-05-10,24.5,24.77,24.049999,24.52,20.057022,15046600
2004-05-11,24.65,25.16,24.65,24.98,20.433294,9013200
2004-05-12,24.98,24.98,24.15,24.775,20.265617000000002,10292600
2004-05-13,24.775,25.245001000000002,24.6,25.209999,20.621441,10685800
2004-05-14,25.445,25.625,24.905001000000002,25.290001,20.68688,8053200
2004-05-17,25.290001,25.295,24.65,24.84,20.318789000000002,11417000
2004-05-18,25.01,25.91,25.01,25.549999,20.899551000000002,13353200
2004-05-19,25.865,25.934998999999998,25.299999,25.299999,20.695057000000002,11250400
2004-05-20,25.305,25.805,25.299999,25.684998999999998,21.009991,10822400
2004-05-21,25.690001000000002,25.74,25.365,25.6,20.940451,7588800
2004-05-24,25.799999,26.17,25.709999,26.1,21.349451000000002,8595400
2004-05-25,26.025,27.1,25.91,27.025,22.106085,11737400
2004-05-26,26.940001000000002,27.17,26.625,27.0,22.085638,9954400
2004-05-27,27.0,27.245001000000002,26.870001000000002,26.985001,22.073368,8550400
2004-05-28,27.030001000000002,27.07,26.715,26.785,21.909765,5692400
2004-06-01,26.785,27.084999,26.77,26.969998999999998,22.06109,7606600
2004-06-02,26.969998999999998,27.075001,26.700001,27.0,22.085638,7954000
2004-06-03,26.875,27.545,26.799999,27.245001000000002,22.286049,9833400
2004-06-04,27.375,27.545,27.18,27.184998999999998,22.236960999999997,7821800
2004-06-07,27.25,27.995001000000002,27.25,27.985001,22.891356,9109800
2004-06-08,27.855,28.08,27.809998999999998,27.98,22.88726,8791200
2004-06-09,27.875,27.915001,27.475,27.5,22.494626999999998,8738400
2004-06-10,27.5,27.575001,27.115,27.25,22.290132999999997,6364400
2004-06-14,27.200001,27.235001,26.84,27.004998999999998,22.089724,5573800
2004-06-15,27.200001,27.25,26.950001,26.99,22.077456,6793000
2004-06-16,27.075001,27.15,26.76,27.075001,22.146984,4463800
2004-06-17,27.025,27.115,26.950001,27.004998999999998,22.089724,4310400
2004-06-18,26.9,26.969998999999998,26.695,26.799999,21.922037,3965800
2004-06-21,26.83,27.02,26.645,26.834999,21.950670000000002,3327800
2004-06-22,26.700001,26.775,26.355,26.65,21.799339,6220600
2004-06-23,26.684998999999998,26.98,26.575001,26.950001,22.044741000000002,5074400
2004-06-24,26.99,27.325001,26.924999,27.01,22.093815,8429200
2004-06-25,27.125,27.325001,26.950001,27.035,22.114262,6393200
2004-06-28,27.110001,27.200001,26.889999,26.99,22.077456,5308200
2004-06-29,26.9,26.9,26.235001,26.309998999999998,21.521229,11020600
2004-06-30,26.35,26.35,25.940001000000002,26.275,21.492594,10545200
2004-07-01,26.280001000000002,26.549999,26.209999,26.530001000000002,21.701181,7823000
2004-07-02,26.525,27.045,26.325001,26.74,21.872954999999997,7685800
2004-07-06,26.700001,26.98,26.475,26.725,21.860685,6502600
2004-07-07,26.549999,26.940001000000002,26.549999,26.785,21.909765,3945800
2004-07-08,26.4,26.545,25.754998999999998,25.780001000000002,21.08769,8740000
2004-07-09,25.950001,26.075001,25.754998999999998,25.754998999999998,21.067249,3992000
2004-07-12,25.700001,26.02,25.549999,25.950001,21.226751,4441200
2004-07-13,26.025,26.43,25.965,26.299999,21.513044,6646600
2004-07-14,26.049999,26.495001000000002,26.0,26.084999,21.353416,4454400
2004-07-15,26.084999,26.225,25.715,25.719998999999998,21.054623,4340000
2004-07-16,25.74,25.805,25.105,25.16,20.596201,7745000
2004-07-19,24.975,24.995001000000002,23.84,24.35,19.933126,24270400
2004-07-20,24.674999,24.995001000000002,24.674999,24.855,20.346527,11845800
2004-07-21,25.0,25.0,24.625,24.65,20.178713000000002,7498000
2004-07-22,24.450001,24.629998999999998,24.030001000000002,24.475,20.035456,7631200
2004-07-23,24.424999,24.625,24.075001,24.195,19.806248,5359600
2004-07-26,24.225,24.33,23.875,24.125,19.748949,6027800
2004-07-27,24.174999,24.75,24.174999,24.434998999999998,20.002707,7077400
2004-07-28,24.4,24.4,24.0,24.285,19.879921,6458800
2004-07-29,24.424999,24.610001,24.219998999999998,24.450001,20.014994,4639600
2004-07-30,24.389999,24.5,24.23,24.360001,19.941313,4418000
2004-08-02,24.219998999999998,24.4,24.059998999999998,24.325001,19.912661,5906800
2004-08-03,24.299999,24.299999,23.825001,24.01,19.6548,9082600
2004-08-04,23.885,24.15,23.645,24.014999,19.658897,6766600
2004-08-05,24.049999,24.059998999999998,23.264999,23.370001000000002,19.130892000000003,10138000
2004-08-06,23.35,23.5,22.950001,23.245001000000002,19.028570000000002,8946000
2004-08-09,23.415001,23.635,23.215,23.434998999999998,19.184101000000002,5180600
2004-08-10,23.584999,23.799999,23.450001,23.790001,19.474707000000002,5950400
2004-08-11,23.625,23.875,23.450001,23.844998999999998,19.519733,7695000
2004-08-12,23.844998999999998,24.094998999999998,23.5,23.610001,19.327360000000002,7158600
2004-08-13,23.610001,23.940001000000002,23.275,23.325001,19.094053,9213800
2004-08-16,23.75,24.9,23.75,24.57,20.113228,16706200
2004-08-17,24.924999,25.139999,24.75,24.844998999999998,20.338335,12065600
2004-08-18,24.83,25.42,24.690001000000002,25.34,20.743551,8230200
2004-08-19,25.34,25.445,24.985001,25.125,20.567549,7252600
2004-08-20,25.125,25.370001000000002,25.02,25.16,20.596201,4197000
2004-08-23,25.165001,25.165001,24.870001000000002,25.030001000000002,20.489784,5023400
2004-08-24,25.215,25.325001,24.955,25.075001,20.526617,7183800
2004-08-25,25.1,25.174999,24.77,25.049999,20.506159,5478400
2004-08-26,25.049999,25.190001000000002,24.924999,25.1,20.547089,3541800
2004-08-27,25.15,25.375,24.985001,25.235001,20.6576,3742800
2004-08-30,25.059998999999998,25.23,24.995001000000002,25.01,20.473412,3468800
2004-08-31,25.004998999999998,25.059998999999998,24.705,24.85,20.342432000000002,5656400
2004-09-01,24.975,25.120001000000002,24.799999,25.09,20.538897,5863400
2004-09-02,25.129998999999998,26.045,25.129998999999998,26.014999,21.296108,9079000
2004-09-03,26.049999,26.445,26.025,26.174999,21.427094,7969200
2004-09-07,26.4,26.540001,26.129998999999998,26.4,21.611282,8936800
2004-09-08,26.4,26.43,26.094998999999998,26.15,21.406624,6475200
2004-09-09,26.195,26.424999,26.110001,26.299999,21.529419,8300400
2004-09-10,26.299999,26.924999,26.285,26.785,21.926448999999998,7307800
2004-09-13,26.825001,26.885,26.559998999999998,26.684998999999998,21.844584,7249200
2004-09-14,26.65,26.73,26.375,26.6,21.774998,5530200
2004-09-15,26.715,26.715,26.360001,26.385,21.598997,4535200
2004-09-16,26.440001000000002,26.844998999999998,26.41,26.6,21.774998,5138600
2004-09-17,26.799999,26.93,26.555,26.77,21.914165,8342200
2004-09-20,26.68,26.73,26.389999,26.5,21.693142,4424200
2004-09-21,26.6,27.004998999999998,26.6,26.915001,22.032861999999998,5192200
2004-09-22,26.725,26.775,26.450001,26.555,21.738165,5888800
2004-09-23,26.58,26.834999,26.405001000000002,26.635,21.803654,4934400
2004-09-24,26.635,26.955,26.635,26.83,21.963278,4399200
2004-09-27,26.799999,26.905001000000002,26.594998999999998,26.715,21.869137,5179600
2004-09-28,26.715,26.959999,26.275,26.879998999999998,22.004215,8436400
2004-09-29,26.879998999999998,27.450001,26.795,27.41,22.438074,9427600
2004-09-30,27.375,27.5,27.115,27.174999,22.245699,8575000
2004-10-01,27.299999,27.780001000000002,27.25,27.59,22.585423000000002,7654600
2004-10-04,27.690001000000002,28.105,27.690001000000002,27.825001,22.777796,6727400
2004-10-05,27.799999,27.875,27.535,27.635,22.622260999999998,6515600
2004-10-06,27.575001,27.785,27.495001000000002,27.695,22.671375,3481400
2004-10-07,27.73,27.940001000000002,27.309998999999998,27.32,22.364401,5381200
2004-10-08,27.275,27.575001,26.945,27.1,22.184307,5571600
2004-10-11,27.35,27.629998999999998,27.299999,27.52,22.528116,3809800
2004-10-12,27.299999,27.67,27.25,27.48,22.495375,4439400
2004-10-13,27.695,27.75,27.4,27.48,22.511765,5830600
2004-10-14,27.575001,27.805,27.315001000000002,27.385,22.433928,5423400
2004-10-15,27.535,27.705,27.434998999999998,27.535,22.556814000000003,5325600
2004-10-18,27.475,28.4,27.424999,28.254998999999998,23.146641,7198000
2004-10-19,28.5,28.875,28.184998999999998,28.200001,23.101587,7430600
2004-10-20,28.184998999999998,28.25,27.924999,28.040001,22.970516,6395800
2004-10-21,28.145,28.309998999999998,27.91,27.995001000000002,22.933657,5337800
2004-10-22,28.0,28.08,27.555,27.620001000000002,22.626455,4522600
2004-10-25,27.5,27.5,27.035,27.120001000000002,22.216848000000002,7329200
2004-10-26,27.025,27.5,27.02,27.395,22.442123000000002,7789200
2004-10-27,27.275,28.26,27.184998999999998,28.084999,23.007376,8461600
2004-10-28,27.950001,28.334999,27.915001,28.280001000000002,23.167123999999998,4333200
2004-10-29,28.18,28.389999,27.879998999999998,28.139999,23.052435,4585600
2004-11-01,28.190001000000002,28.875,28.135,28.725,23.531660000000002,8050800
2004-11-02,28.85,29.174999,28.799999,29.145,23.875742000000002,8979200
2004-11-03,29.5,29.575001,29.014999,29.17,23.896223000000003,9218000
2004-11-04,29.07,29.684998999999998,29.030001000000002,29.665001,24.30172,7493800
2004-11-05,29.665001,29.91,29.584999,29.719998999999998,24.346779,6363400
2004-11-08,29.674999,29.735001,29.450001,29.719998999999998,24.346779,5713600
2004-11-09,29.51,29.799999,29.465,29.709999,24.338585000000002,7447800
2004-11-10,29.799999,29.940001000000002,29.635,29.665001,24.30172,5060600
2004-11-11,29.76,29.955,29.65,29.945,24.531105,3586800
2004-11-12,29.945,30.27,29.834999,30.125,24.678555,5664200
2004-11-15,29.77,29.77,28.855,29.625,24.26895,20129800
2004-11-16,29.674999,29.719998999999998,28.67,29.040001,23.789722,9731800
2004-11-17,29.120001000000002,29.225,28.715,28.834999,23.621788000000002,7718800
2004-11-18,28.725,28.870001000000002,28.455,28.799999,23.593107,7574000
2004-11-19,28.805,28.84,28.334999,28.385,23.253139,5847800
2004-11-22,28.41,28.84,28.334999,28.715,23.523478,8174200
2004-11-23,28.635,28.875,28.424999,28.615,23.441553,4781800
2004-11-24,28.754998999999998,28.92,28.504998999999998,28.719998999999998,23.527576,3874200
2004-11-26,28.674999,28.85,28.610001,28.610001,23.437464000000002,1652000
2004-11-29,28.615,28.690001000000002,28.02,28.209999,23.109780999999998,7517800
2004-11-30,27.709999,28.129998999999998,27.525,27.665001,22.663315,9880400
2004-12-01,27.889999,28.225,27.834999,28.209999,23.109780999999998,7791000
2004-12-02,28.084999,29.01,27.82,28.705,23.515285000000002,8406200
2004-12-03,28.549999,28.844998999999998,28.275,28.735001,23.539862,5657400
2004-12-06,28.565001000000002,28.775,28.540001,28.620001000000002,23.445656,3581000
2004-12-07,28.625,28.92,28.549999,28.674999,23.490709,6063800
2004-12-08,28.674999,29.25,28.674999,29.030001000000002,23.781527,6898200
2004-12-09,28.905001000000002,29.280001000000002,28.885,29.254998999999998,23.965841,5366800
2004-12-10,29.780001000000002,29.780001000000002,29.15,29.290001,23.99452,4551600
2004-12-13,29.389999,29.450001,29.125,29.200001,23.920794,5729800
2004-12-14,29.049999,29.049999,28.795,28.950001,23.715988,6278600
2004-12-15,28.955,29.049999,28.799999,28.959999,23.724182,5045800
2004-12-16,28.860001,28.92,28.565001000000002,28.77,23.568529,5397000
2004-12-17,28.43,28.85,28.309998999999998,28.389999,23.257236,7746800
2004-12-20,28.575001,28.75,28.174999,28.23,23.126163000000002,4455200
2004-12-21,28.375,28.725,28.299999,28.615,23.441553,5230400
2004-12-22,28.485001,28.889999,28.445,28.745001000000002,23.548057999999997,4605000
2004-12-23,28.844998999999998,28.975,28.625,28.65,23.470223999999998,2817400
2004-12-27,28.76,28.785,28.365,28.365,23.236759,2791000
2004-12-28,28.49,28.75,28.385,28.75,23.552151000000002,3120200
2004-12-29,28.775,28.93,28.77,28.889999,23.666836,5079400
2004-12-30,28.99,29.0,28.725,28.754998999999998,23.556242,2293200
2004-12-31,28.865,28.99,28.764999,28.795,23.589014000000002,2418400
2005-01-03,28.99,29.165001,28.83,28.98,23.74057,5378200
2005-01-04,28.98,29.084999,28.375,28.375,23.244946,6057800
2005-01-05,28.379998999999998,28.540001,28.084999,28.135,23.048336,5359000
2005-01-06,28.16,28.379998999999998,27.950001,28.225,23.122068,6147600
2005-01-07,28.485001,28.5,28.275,28.33,23.20809,5048000
2005-01-10,28.174999,29.035,28.145,28.92,23.691412,7778400
2005-01-11,28.674999,29.030001000000002,28.674999,28.790001,23.584915,6683400
2005-01-12,28.715,28.9,28.42,28.690001000000002,23.519341,6491200
2005-01-13,28.59,28.725,28.15,28.219998999999998,23.134041,6117000
2005-01-14,28.370001000000002,28.594998999999998,28.225,28.434998999999998,23.310297,4950200
2005-01-18,28.25,28.73,28.205,28.719998999999998,23.54393,4034600
2005-01-19,28.67,28.799999,28.535,28.565001000000002,23.416866,3317600
2005-01-20,28.495001000000002,28.6,27.955,28.125,23.056162,6339000
2005-01-21,28.084999,28.225,27.905001000000002,27.955,22.916803,5862200
2005-01-24,28.125,28.135,27.535,27.545,22.580692000000003,6224000
2005-01-25,27.65,27.98,27.65,27.825001,22.810226,5905200
2005-01-26,28.075001,28.209999,27.91,28.02,22.970085,5533400
2005-01-27,28.049999,28.1,27.855,27.955,22.916803,5112800
2005-01-28,27.950001,28.184998999999998,27.825001,28.09,23.027472,4436000
2005-01-31,28.5,28.67,28.450001,28.495001000000002,23.359474,6085200
2005-02-01,28.6,28.615,28.32,28.540001,23.396368,6116600
2005-02-02,28.6,28.65,28.465,28.65,23.486551000000002,4308200
2005-02-03,28.549999,28.705,28.475,28.635,23.474245,4124200
2005-02-04,28.639999,29.325001,28.639999,29.325001,24.039898,5102800
2005-02-07,29.275,29.700001,29.225,29.475,24.162853,5531400
2005-02-08,29.389999,29.495001000000002,29.275,29.355,24.064484,5055800
2005-02-09,29.275,29.49,28.895,28.934998999999998,23.720179,4795800
2005-02-10,28.965,29.6,28.959999,29.525,24.203846,6347200
2005-02-11,29.5,29.985001,29.27,29.799999,24.429285,6444800
2005-02-14,29.719998999999998,29.764999,29.475,29.549999,24.224348000000003,3444400
2005-02-15,29.540001,29.74,29.475,29.6,24.265335,3426000
2005-02-16,29.605,29.815001000000002,29.385,29.754998999999998,24.392389,5577000
2005-02-17,29.745001000000002,29.775,29.280001000000002,29.565001000000002,24.236632999999998,4342600
2005-02-18,29.565001000000002,29.625,29.25,29.375,24.080879,6873400
2005-02-22,29.049999,29.135,28.66,28.764999,23.580816,7979400
2005-02-23,28.75,29.25,28.375,28.950001,23.732481,11303400
2005-02-24,29.200001,29.6,28.67,29.584999,24.253035999999998,8866000
2005-02-25,29.535,29.57,29.26,29.5,24.18335,7924000
2005-02-28,29.344998999999998,29.65,29.295,29.389999,24.093176,8190400
2005-03-01,29.309998999999998,29.540001,29.01,29.174999,23.916930999999998,9082200
2005-03-02,28.875,29.200001,28.825001,29.014999,23.785763,10534400
2005-03-03,29.025,29.254998999999998,28.950001,29.049999,23.814453,7408800
2005-03-04,29.125,29.155001000000002,28.85,29.1,23.855435999999997,6044200
2005-03-07,28.975,29.205,28.885,28.975,23.752974,6056600
2005-03-08,28.805,28.99,28.705,28.875,23.670998,5759600
2005-03-09,28.725,28.815001000000002,28.504998999999998,28.6,23.445559,5875000
2005-03-10,28.584999,28.92,28.58,28.825001,23.630005,5252600
2005-03-11,28.75,28.985001,28.684998999999998,28.825001,23.630005,3857200
2005-03-14,28.799999,28.844998999999998,28.52,28.74,23.560326,4632200
2005-03-15,28.799999,28.834999,28.610001,28.785,23.597220999999998,4805200
2005-03-16,28.625,28.725,28.450001,28.684998999999998,23.515235999999998,4914000
2005-03-17,28.605,28.690001000000002,28.504998999999998,28.59,23.437361,5385200
2005-03-18,28.594998999999998,28.754998999999998,28.334999,28.504998999999998,23.367676,8504200
2005-03-21,28.385,28.440001000000002,28.049999,28.280001000000002,23.183226,4782200
2005-03-22,28.280001000000002,28.5,28.059998999999998,28.125,23.056162,5954000
2005-03-23,28.125,28.41,27.865,28.264999,23.170932999999998,7925600
2005-03-24,28.264999,28.594998999999998,28.200001,28.405001000000002,23.2857,7159400
2005-03-28,28.41,29.0,28.405001000000002,28.860001,23.658695,7795000
2005-03-29,28.75,28.82,28.365,28.43,23.306194,8395000
2005-03-30,28.405001000000002,28.695,28.379998999999998,28.445,23.318491,5592000
2005-03-31,28.495001000000002,28.705,28.389999,28.545,23.400467000000003,6872800
2005-04-01,28.65,28.68,27.93,28.094998999999998,23.031578,9842400
2005-04-04,28.15,28.375,27.785,28.235001,23.146339,5932200
2005-04-05,28.235001,28.535,28.025,28.415001,23.2939,4765400
2005-04-06,28.424999,28.49,28.225,28.254998999999998,23.162733,6238800
2005-04-07,28.200001,28.315001000000002,27.76,28.17,23.09305,8025600
2005-04-08,27.799999,28.055,27.285,27.405001000000002,22.465927,11800000
2005-04-11,27.25,27.485001,27.190001000000002,27.235001,22.326563,6583200
2005-04-12,27.135,27.754998999999998,27.075001,27.655001000000002,22.670866,8621400
2005-04-13,27.514999,27.705,26.75,26.905001000000002,22.071998999999998,11346600
2005-04-14,26.905001000000002,26.905001000000002,26.385,26.42,21.674122,8278200
2005-04-15,26.1,26.25,25.815001000000002,25.82,21.181906,8075600
2005-04-18,25.85,26.565001000000002,25.825001,26.530001000000002,21.764364,8819800
2005-04-19,26.450001,26.545,26.195,26.299999,21.575678,6519400
2005-04-20,26.174999,26.334999,25.655001000000002,25.75,21.124475,8513600
2005-04-21,26.1,26.295,25.879998999999998,26.139999,21.444414000000002,5969800
2005-04-22,26.15,26.24,25.815001000000002,25.940001000000002,21.280344,6196000
2005-04-25,26.15,26.450001,25.99,26.014999,21.341869,4801400
2005-04-26,26.014999,26.445,25.945,26.049999,21.370581,4261000
2005-04-27,25.950001,26.52,25.77,26.139999,21.444414000000002,6071400
2005-04-28,26.15,26.299999,25.705,25.870001000000002,21.222918,6027600
2005-04-29,25.975,26.129998999999998,25.360001,26.055,21.374686999999998,7659600
2005-05-02,26.049999,26.459999,26.049999,26.344998999999998,21.612591000000002,5781800
2005-05-03,26.045,26.42,25.975,26.155001000000002,21.456726,8068000
2005-05-04,26.155001000000002,26.754998999999998,26.004998999999998,26.695,21.899721,7507200
2005-05-05,26.525,27.014999,26.525,26.695,21.899721,4492200
2005-05-06,26.75,27.16,26.73,26.77,21.961245,6051400
2005-05-09,26.725,27.115,26.575001,27.09,22.223774,4523400
2005-05-10,26.85,26.995001000000002,26.639999,26.875,22.047388,4644600
2005-05-11,26.719998999999998,26.99,26.325001,26.889999,22.05969,4765000
2005-05-12,26.795,27.105,26.325001,26.415001,21.670023,11957400
2005-05-13,26.275,26.514999,25.934998999999998,26.43,21.682322,6642600
2005-05-16,26.85,27.9,26.620001000000002,27.9,22.888266,15522200
2005-05-17,27.9,28.200001,27.6,27.93,22.912878,9739000
2005-05-18,27.995001000000002,28.77,27.945,28.709999,23.552759,13089200
2005-05-19,28.67,28.99,28.549999,28.945,23.745544,14563400
2005-05-20,28.945,28.945,28.525,28.719998999999998,23.560966,4425400
2005-05-23,28.35,28.860001,28.35,28.690001000000002,23.536354,7081600
2005-05-24,28.51,28.76,28.41,28.690001000000002,23.536354,5920000
2005-05-25,28.565001000000002,28.625,28.25,28.459999,23.347668,6702200
2005-05-26,28.605,28.995001000000002,28.450001,28.945,23.745544,10419800
2005-05-27,28.825001,28.9,28.52,28.575001,23.442014999999998,4449200
2005-05-31,28.475,28.860001,28.280001000000002,28.605,23.466627,6648800
2005-06-01,28.525,29.0,28.469998999999998,28.860001,23.675821,6916800
2005-06-02,28.684998999999998,28.934998999999998,28.620001000000002,28.875,23.688122,5453800
2005-06-03,28.74,28.98,28.35,28.48,23.364079999999998,4113000
2005-06-06,28.52,28.985001,28.360001,28.965,23.761957000000002,4131000
2005-06-07,29.0,29.855,28.975,29.5,24.200854999999997,12713400
2005-06-08,29.504998999999998,29.950001,29.469998999999998,29.535,24.229572,8480600
2005-06-09,29.475,29.709999,29.23,29.41,24.127018,5534400
2005-06-10,29.535,29.610001,28.754998999999998,29.15,23.913726999999998,9734000
2005-06-13,29.055,29.415001,28.795,29.0,23.790670000000002,4867400
2005-06-14,28.975,29.625,28.905001000000002,29.360001,24.086002,7639600
2005-06-15,29.5,29.799999,29.295,29.58,24.266486999999998,4951000
2005-06-16,29.58,29.93,29.379998999999998,29.530001000000002,24.225468,6357000
2005-06-17,29.99,29.995001000000002,29.684998999999998,29.709999,24.373125,8558200
2005-06-20,29.549999,29.754998999999998,29.285,29.725,24.385443,5125000
2005-06-21,29.674999,29.719998999999998,29.35,29.35,24.077797,3895600
2005-06-22,29.355,29.504998999999998,29.23,29.309998999999998,24.044992,3405400
2005-06-23,29.309998999999998,29.5,28.775,28.775,23.606082999999998,5600200
2005-06-24,28.6,28.799999,28.26,28.375,23.277943,6970000
2005-06-27,28.299999,28.705,28.299999,28.469998999999998,23.355877,5090600
2005-06-28,28.6,29.110001,28.6,29.0,23.790670000000002,4774800
2005-06-29,28.995001000000002,29.235001,28.785,28.915001,23.720936,3878200
2005-06-30,29.375,29.6,29.049999,29.110001,23.880913,7062400
2005-07-01,29.139999,29.25,28.6,28.799999,23.6266,4791000
2005-07-05,28.690001000000002,29.219998999999998,28.674999,29.110001,23.880913,4183200
2005-07-06,29.115,29.24,28.725,28.924999,23.729145000000003,4165200
2005-07-07,28.629998999999998,29.165001,28.5,29.129998999999998,23.897316,3859000
2005-07-08,29.25,29.855,29.225,29.76,24.414151999999998,6764000
2005-07-11,29.870001000000002,30.424999,29.66,30.365,24.910475,12417400
2005-07-12,30.25,31.395,30.235001,31.205,25.599588,14773000
2005-07-13,31.125,31.225,30.934998999999998,31.1,25.537992000000003,6677400
2005-07-14,31.15,31.674999,31.15,31.450001,25.825395999999998,7914000
2005-07-15,31.455,31.995001000000002,31.235001,31.825001,26.133337,5917800
2005-07-18,31.65,32.294998,31.6,32.279999,26.506956,7621200
2005-07-19,32.325001,33.310001,32.32,32.990002000000004,27.089987,12790000
2005-07-20,32.950001,33.325001,32.665001000000004,33.02,27.114611,6360200
2005-07-21,32.924999,32.990002000000004,32.240002000000004,32.625,26.790264,8065800
2005-07-22,32.700001,32.880001,32.485001000000004,32.865002000000004,26.987345,4010600
2005-07-25,32.779999,33.0,32.584998999999996,32.785,26.921642,6957200
2005-07-26,32.900002,33.200001,32.849998,33.150002,27.221366999999997,6628800
2005-07-27,33.235001000000004,33.240002000000004,32.705002,33.035,27.126934000000002,5922000
2005-07-28,33.174999,33.505001,33.105,33.5,27.508770000000002,5937800
2005-07-29,33.400002,33.424999,33.005001,33.110001000000004,27.188536,6298200
2005-08-01,33.115002000000004,33.189999,32.625,33.055,27.143359999999998,6059400
2005-08-02,33.055,33.310001,32.744999,33.040001000000004,27.131034999999997,4927600
2005-08-03,33.040001000000004,33.049999,32.575001,32.695,26.847744,5811600
2005-08-04,32.349998,32.355,31.415001,31.695,26.026587,11036000
2005-08-05,31.695,31.700001,31.385,31.535,25.895197,6203400
2005-08-08,31.65,31.82,31.15,31.32,25.718653,4525000
2005-08-09,31.59,32.294998,31.58,32.275002,26.502853,7348400
2005-08-10,32.544998,33.0,32.485001000000004,32.66,26.819,10863800
2005-08-11,32.549999,32.84,32.09,32.474998,26.667082,6659200
2005-08-12,32.294998,32.805,32.014998999999996,32.595001,26.765627000000002,7971800
2005-08-15,33.485001000000004,33.485001000000004,32.215,32.945,27.05303,12072400
2005-08-16,32.849998,32.904999,32.314999,32.345001,26.560340999999998,9914800
2005-08-17,32.299999,32.919998,32.005001,32.709998999999996,26.860066999999997,7262400
2005-08-18,32.555,32.875,32.395,32.84,26.966803000000002,6618200
2005-08-19,32.959998999999996,32.959998999999996,32.345001,32.345001,26.560340999999998,7784800
2005-08-22,32.384997999999996,32.439999,31.775,31.955,26.240085999999998,9624600
2005-08-23,31.9,32.145,31.764999,31.905001000000002,26.199032,7396000
2005-08-24,31.915001,31.92,31.41,31.434998999999998,25.813086,6974600
2005-08-25,31.549999,32.145,31.525,32.095001,26.355045,7093800
2005-08-26,32.009997999999996,32.130001,31.434998999999998,31.59,25.940369,6020800
2005-08-29,32.125,32.424999,31.875,32.299999,26.523382,9163200
2005-08-30,32.299999,32.299999,31.16,31.445,25.821297,11469400
2005-08-31,31.5,32.154999,31.184998999999998,32.154999,26.404314000000003,10050800
2005-09-01,32.105,32.779999,32.060001,32.32,26.539796999999997,11100200
2005-09-02,32.549999,32.75,32.005001,32.125,26.379688,4096600
2005-09-06,32.375,33.299999,32.375,33.23,27.287064,8165000
2005-09-07,33.349998,33.66,33.0,33.650002,27.631953999999997,9327600
2005-09-08,33.43,33.75,33.305,33.5,27.508770000000002,7076400
2005-09-09,33.505001,34.044998,33.419998,34.044998,27.956303000000002,7310600
2005-09-12,33.875,34.470001,33.775002,34.404999,28.251921000000003,7864600
2005-09-13,34.404999,34.404999,33.695,33.735001000000004,27.70174,8849800
2005-09-14,33.735001000000004,33.755001,32.755001,32.994999,27.094091,8221800
2005-09-15,33.119999,33.235001000000004,32.674999,33.040001000000004,27.131034999999997,5383800
2005-09-16,33.139998999999996,33.200001,32.375,32.700001,26.851848999999998,14116600
2005-09-19,32.700001,32.705002,31.9,32.165001000000004,26.412529,5985200
2005-09-20,32.325001,32.439999,31.385,31.565001000000002,25.919829999999997,5925400
2005-09-21,31.440001000000002,31.540001,30.615,31.215,25.632429000000002,11324600
2005-09-22,31.299999,32.785,31.01,32.650002,26.810779999999998,12027600
2005-09-23,32.599998,33.075001,32.285,32.695,26.847744,8278800
2005-09-26,32.84,33.145,32.305,32.634997999999996,26.798472999999998,7426600
2005-09-27,32.634997999999996,32.724998,31.860001,32.25,26.482322999999997,6936800
2005-09-28,32.490002000000004,32.490002000000004,31.475,31.610001,25.956789,8337000
2005-09-29,31.58,32.395,31.375,32.075001,26.338625,9716200
2005-09-30,32.099998,32.584998999999996,31.9,32.200001,26.441265,5976200
2005-10-03,32.240002000000004,32.599998,31.985001,32.049999,26.318096,5510800
2005-10-04,32.099998,32.485001000000004,31.790001,31.790001,26.104589,6335200
2005-10-05,31.700001,31.725,31.205,31.35,25.743282,7061800
2005-10-06,31.635,31.945,30.6,31.27,25.677592999999998,9946000
2005-10-07,31.525,31.75,31.1,31.415001,25.796659,5895000
2005-10-10,31.309998999999998,31.440001000000002,30.725,30.950001,25.414824,5831600
2005-10-11,30.99,31.275,30.540001,30.540001,25.07815,8245400
2005-10-12,30.299999,30.809998999999998,30.084999,30.700001,25.234316,12732600
2005-10-13,30.549999,30.709999,29.780001000000002,30.355,24.950745,7494600
2005-10-14,30.645,30.754998999999998,30.389999,30.605,25.156233,6965200
2005-10-17,30.58,30.655001000000002,29.959999,30.655001000000002,25.197332,8393000
2005-10-18,30.5,30.504998999999998,29.764999,29.924999,24.597298000000002,11602600
2005-10-19,29.9,31.0,29.540001,30.945,25.435701,11941200
2005-10-20,30.945,31.459999,30.65,30.82,25.332956,10129000
2005-10-21,31.15,31.344998999999998,30.48,30.610001,25.160345,9986000
2005-10-24,30.75,31.004998999999998,30.41,30.985001,25.468582,6903800
2005-10-25,30.99,31.08,30.305,30.450001,25.028828,8671800
2005-10-26,30.125,30.51,29.875,29.955,24.621958,9216400
2005-10-27,29.924999,30.040001,28.915001,29.135,23.947948,9508000
2005-10-28,29.385,29.934998999999998,29.25,29.91,24.584967000000002,7509600
2005-10-31,30.275,30.690001000000002,30.24,30.385,24.975403,8921400
2005-11-01,30.299999,30.299999,29.825001,30.025,24.679491,9606600
2005-11-02,29.975,30.25,29.969998999999998,30.174999,24.802792,16185200
2005-11-03,30.35,30.745001000000002,30.33,30.535,25.098692,14455200
2005-11-04,30.709999,30.709999,30.290001,30.475,25.049377,7113800
2005-11-07,30.625,31.025,30.57,30.975,25.460361,8133800
2005-11-08,30.549999,30.555,30.049999,30.25,24.864433,8955200
2005-11-09,30.35,30.4,29.969998999999998,30.165001,24.794570999999998,6928600
2005-11-10,30.115,30.780001000000002,30.094998999999998,30.5,25.069925,8105600
2005-11-11,30.584999,31.094998999999998,30.4,30.985001,25.468582,7732600
2005-11-14,32.75,33.025002,32.130001,32.445,26.66865,20348200
2005-11-15,32.43,32.689999,31.809998999999998,32.055,26.348084999999998,8516000
2005-11-16,32.224998,32.595001,32.035,32.470001,26.689194,6985400
2005-11-17,32.470001,32.84,32.259997999999996,32.799999,26.960445,6330200
2005-11-18,32.799999,33.055,32.700001,32.974998,27.104288,8197600
2005-11-21,32.849998,33.240002000000004,32.814999,33.189999,27.281012,6795200
2005-11-22,33.035,33.57,32.919998,33.52,27.552265000000002,7204600
2005-11-23,33.540001000000004,33.674999,33.119999,33.310001,27.379652,4651600
2005-11-25,33.525002,33.525002,32.959998999999996,33.375,27.433081,2167200
2005-11-28,33.5,33.599998,32.830002,33.25,27.330332000000002,7793800
2005-11-29,33.474998,33.924999,33.290001000000004,33.875,27.844069,11351400
2005-11-30,33.875,33.935001,33.560001,33.740002000000004,27.733093,8780200
2005-12-01,33.924999,33.959998999999996,33.445,33.889998999999996,27.856388,7115200
2005-12-02,33.775002,33.98,33.755001,33.915001000000004,27.876935999999997,4976800
2005-12-05,33.75,33.849998,33.365002000000004,33.494999,27.531715000000002,7373000
2005-12-06,33.700001,33.875,33.25,33.68,27.683784000000003,7056000
2005-12-07,33.650002,33.935001,33.560001,33.915001000000004,27.876935999999997,7789800
2005-12-08,33.915001000000004,34.255001,33.764998999999996,33.990002000000004,27.938591,9998400
2005-12-09,33.965,34.18,33.68,34.0,27.94681,4556200
2005-12-12,34.189999,34.400002,34.080002,34.224998,28.131737,4451400
2005-12-13,34.0,34.535,33.705002,34.404999,28.279697,7099400
2005-12-14,34.450001,34.84,34.380001,34.619999,28.456427,5218800
2005-12-15,34.845001,34.845001,34.294998,34.695,28.518071999999997,4709000
2005-12-16,34.805,34.849998,34.455002,34.705002,28.526281,6431800
2005-12-19,34.549999,34.705002,34.18,34.27,28.168736,3644400
2005-12-20,34.450001,34.605,33.900002,34.285,28.181054999999997,9669800
2005-12-21,34.450001,34.845001,34.424999,34.610001000000004,28.448211999999998,5680000
2005-12-22,34.450001,34.455002,33.759997999999996,33.965,27.918032,7072000
2005-12-23,33.994999,34.0,33.474998,33.73,27.724871000000004,5144800
2005-12-27,33.764998999999996,34.044998,33.369999,33.494999,27.531715000000002,4321200
2005-12-28,33.5,33.665001000000004,33.424999,33.505001,27.539932,3468200
2005-12-29,33.435001,33.799999,33.435001,33.575001,27.597469,2314200
2005-12-30,33.450001,33.755001,33.305,33.330002,27.396084000000002,2747600
2006-01-03,33.305,33.705002,32.650002,33.535,27.564587,7907400
2006-01-04,32.950001,33.240002000000004,32.880001,33.119999,27.223465,9272600
2006-01-05,33.119999,33.25,32.650002,32.735001000000004,26.907017,6449200
2006-01-06,32.849998,32.849998,32.209998999999996,32.349998,26.590567,10636800
2006-01-09,32.259997999999996,32.634997999999996,32.165001000000004,32.540001000000004,26.746738,8421400
2006-01-10,32.325001,33.029999,32.325001,32.970001,27.100178000000003,6556600
2006-01-11,32.955002,33.555,32.924999,33.424999,27.474172999999997,7434800
2006-01-12,33.424999,33.595001,33.0,33.169998,27.264584000000003,5913400
2006-01-13,33.244999,33.360001000000004,32.98,33.119999,27.223465,4530600
2006-01-17,32.825001,32.895,32.465,32.665001000000004,26.849483000000003,5961600
2006-01-18,32.639998999999996,32.790001000000004,32.0,32.325001,26.594437,7015800
2006-01-19,32.424999,32.674999,32.060001,32.355,26.619121999999997,5605000
2006-01-20,32.450001,32.455002,31.549999,31.565001000000002,25.969166,10704400
2006-01-23,31.735001,31.85,31.525,31.629998999999998,26.022645999999998,7802800
2006-01-24,31.754998999999998,32.165001000000004,31.645,32.084998999999996,26.396988,7736400
2006-01-25,32.150002,32.375,31.700001,31.895,26.240669,6526400
2006-01-26,32.200001,32.740002000000004,32.07,32.595001,26.816565,7532600
2006-01-27,32.5,33.134997999999996,32.389998999999996,32.555,26.783663,6878800
2006-01-30,32.509997999999996,32.645,31.950001,31.99,26.318828999999997,5215800
2006-01-31,31.950001,32.095001,31.625,31.775,26.141935,7963000
2006-02-01,32.099998,32.099998,31.475,31.665001,26.051435,8084600
2006-02-02,31.790001,32.27,31.530001000000002,32.084998999999996,26.396988,9241200
2006-02-03,31.825001,32.215,31.665001,31.76,26.129597,5658800
2006-02-06,31.584999,31.66,31.275,31.459999,25.882776,5316000
2006-02-07,31.18,31.485001,30.915001,30.934998999999998,25.450853,7624200
2006-02-08,30.76,31.334999,30.58,31.25,25.710016,7154800
2006-02-09,31.235001,31.610001,31.02,31.25,25.710016,4888600
2006-02-10,31.275,31.504998999999998,30.584999,31.309998999999998,25.759375,6417800
2006-02-13,31.325001,31.870001000000002,31.235001,31.780001000000002,26.146053,5660200
2006-02-14,31.965,32.77,31.76,32.740002000000004,26.935869,9825800
2006-02-15,32.25,33.025002,32.25,33.02,27.166227000000003,9938600
2006-02-16,33.185001,33.380001,33.049999,33.32,27.413041999999997,6753200
2006-02-17,33.32,33.32,32.900002,33.134997999999996,27.260845,4593800
2006-02-21,33.474998,33.529999,32.5,32.775002,26.964661,6522000
2006-02-22,32.990002000000004,33.174999,32.849998,32.994999,27.145659999999996,5413200
2006-02-23,33.029999,33.150002,32.650002,32.735001000000004,26.931751000000002,6267800
2006-02-24,32.735001000000004,32.805,32.305,32.759997999999996,26.952314,5330400
2006-02-27,34.150002,34.779999,33.875,34.650002,28.507267,22597600
2006-02-28,34.575001,34.825001,34.055,34.09,28.046537,8497400
2006-03-01,34.09,34.200001,33.5,34.16,28.104135999999997,9315000
2006-03-02,33.849998,34.310001,33.779999,34.130001,28.079453000000004,9679600
2006-03-03,33.849998,34.009997999999996,33.645,33.695,27.721569,6745200
2006-03-06,33.580002,33.674999,33.325001,33.34,27.429502000000003,7670200
2006-03-07,33.080002,33.09,32.779999,32.959998999999996,27.116867,10449200
2006-03-08,33.009997999999996,33.695,32.810001,33.334998999999996,27.425380999999998,8828000
2006-03-09,33.375,33.474998,32.549999,32.700001,26.902966999999997,8670200
2006-03-10,32.75,32.845001,32.580002,32.700001,26.902966999999997,7760200
2006-03-13,32.900002,33.09,32.75,32.924999,27.088068,5108000
2006-03-14,32.924999,33.970001,32.904999,33.755001,27.770929,8127400
2006-03-15,33.650002,33.805,33.255001,33.73,27.750355,6716400
2006-03-16,33.974998,34.110001000000004,33.860001000000004,33.900002,27.890232,7168600
2006-03-17,34.025002,34.404999,33.875,34.314999,28.231651,9319200
2006-03-20,34.165001000000004,34.424999,33.880001,34.0,27.972490000000004,5268800
2006-03-21,33.990002000000004,33.994999,33.529999,33.82,27.824392,5183600
2006-03-22,33.75,33.799999,33.455002,33.625,27.663973,4790000
2006-03-23,33.709998999999996,33.970001,33.285,33.285,27.384245,6626800
2006-03-24,33.285,33.305,32.779999,33.080002,27.215593,4976000
2006-03-27,33.535,33.535,32.939999,32.950001,27.108643,5799000
2006-03-28,33.025002,33.200001,32.700001,32.84,27.018140999999996,7390400
2006-03-29,32.900002,33.244999,32.805,32.845001,27.022249,4096400
2006-03-30,32.720001,33.049999,32.375,32.384997999999996,26.643798999999998,6509000
2006-03-31,32.509997999999996,32.645,32.200001,32.220001,26.508055,7728200
2006-04-03,32.474998,32.474998,31.934998999999998,32.09,26.4011,11413600
2006-04-04,32.349998,32.799999,32.275002,32.755001,26.948208,7030200
2006-04-05,32.805,33.48,32.794998,33.349998,27.437721000000003,9301600
2006-04-06,33.105,33.380001,32.974998,33.195,27.310198,4855400
2006-04-07,33.145,33.395,32.555,32.695,26.898846000000002,6111000
2006-04-10,32.674999,32.849998,32.5,32.584998999999996,26.808346000000004,3675600
2006-04-11,32.584998999999996,32.775002,32.105,32.349998,26.615009000000004,7596000
2006-04-12,32.294998,32.299999,31.855,32.075001,26.388759999999998,3878200
2006-04-13,32.055,32.330002,32.025002,32.145,26.44635,4769600
2006-04-17,32.150002,32.195,31.645,31.754998999999998,26.125481,7604600
2006-04-18,31.754998999999998,32.25,31.754998999999998,32.064999,26.380531,11354200
2006-04-19,31.950001,32.040001000000004,31.52,31.9,26.269358,7366200
2006-04-20,31.75,31.9,31.645,31.85,26.228184000000002,8422000
2006-04-21,32.174999,32.200001,31.450001,31.639999,26.055254,12550000
2006-04-24,31.715,31.745001000000002,31.32,31.415001,25.869967000000003,8596400
2006-04-25,31.415001,31.620001000000002,31.184998999999998,31.295,25.771145,6908400
2006-04-26,31.525,31.915001,31.264999,31.43,25.882317,7211400
2006-04-27,31.434998999999998,32.125,31.15,31.674999,26.084072,14297600
2006-04-28,31.5,31.885,31.4,31.525,25.960556,8208000
2006-05-01,31.709999,32.119999,31.709999,31.775,26.166426,7051400
2006-05-02,31.775,31.855,31.264999,31.35,25.816446,6596400
2006-05-03,31.225,31.395,31.004998999999998,31.174999,25.672327,5415800
2006-05-04,31.275,31.540001,31.105,31.370001000000002,25.832911,3863000
2006-05-05,31.74,32.665001000000004,31.74,32.66,26.895215999999998,8075200
2006-05-08,32.5,32.830002,32.445,32.485001000000004,26.751108000000002,4874200
2006-05-09,32.490002000000004,32.849998,32.43,32.715,26.940497999999998,4383600
2006-05-10,32.540001000000004,32.790001000000004,32.099998,32.23,26.541115,4646000
2006-05-11,32.334998999999996,32.41,32.055,32.154999,26.479346999999997,5612400
2006-05-12,32.154999,32.16,31.325001,31.635,26.051134,6656600
2006-05-15,31.620001000000002,32.064999,31.375,31.620001000000002,26.03879,7643000
2006-05-16,31.6,31.73,31.209999,31.254998999999998,25.738207,8522200
2006-05-17,31.139999,31.235001,30.625,30.635,25.227642000000003,7996800
2006-05-18,30.76,31.18,30.549999,30.75,25.322342000000003,7910000
2006-05-19,30.950001,31.35,30.65,31.32,25.791737,8747800
2006-05-22,31.025,31.254998999999998,29.5,29.91,24.630613,21064600
2006-05-23,30.09,30.18,29.695,29.705,24.461798,11226800
2006-05-24,29.785,30.5,29.57,30.33,24.976484,14428400
2006-05-25,30.799999,31.125,30.615,31.02,25.544683,12698800
2006-05-26,31.075001,31.275,30.84,30.924999,25.466459,5639400
2006-05-30,30.6,30.605,30.325001,30.495001000000002,25.112356,7821000
2006-05-31,30.700001,31.145,30.655001000000002,31.139999,25.643513000000002,7653600
2006-06-01,31.049999,31.754998999999998,30.99,31.73,26.129364000000002,10149800
2006-06-02,31.764999,32.005001,31.27,31.73,26.129364000000002,8076000
2006-06-05,31.5,31.709999,31.025,31.059998999999998,25.577625,7347400
2006-06-06,31.184998999999998,31.299999,30.434998999999998,30.754998999999998,25.326464,11650200
2006-06-07,30.754998999999998,30.924999,30.42,30.495001000000002,25.112356,8126200
2006-06-08,30.200001,31.25,30.200001,31.059998999999998,25.577625,11058800
2006-06-09,31.065001000000002,31.25,30.934998999999998,31.115,25.622917,6478000
2006-06-12,31.1,31.215,30.6,30.65,25.23999,7135800
2006-06-13,30.65,31.174999,30.5,30.879998999999998,25.429392,8985000
2006-06-14,30.879998999999998,31.379998999999998,30.754998999999998,31.135,25.639395,8928400
2006-06-15,31.17,31.745001000000002,31.145,31.565001000000002,25.993492,10668600
2006-06-16,31.52,31.709999,31.004998999999998,31.120001000000002,25.627039,8793800
2006-06-19,31.225,31.360001,30.700001,30.790001,25.355284,5484800
2006-06-20,30.924999,31.0,30.455,30.594998999999998,25.1947,7343200
2006-06-21,30.475,31.15,30.4,30.905001000000002,25.449989000000002,5774000
2006-06-22,31.309998999999998,31.309998999999998,30.48,30.575001,25.178236,6043800
2006-06-23,30.375,30.690001000000002,30.334999,30.43,25.05883,5656200
2006-06-26,30.405001000000002,31.094998999999998,30.405001000000002,31.004998999999998,25.532331,5039400
2006-06-27,30.924999,31.09,30.405001000000002,30.5,25.116476000000002,4959200
2006-06-28,30.6,30.655001000000002,30.030001000000002,30.27,24.927065,4663200
2006-06-29,30.575001,30.895,30.379998999999998,30.895,25.441757,5978800
2006-06-30,30.895,30.98,30.195,30.334999,24.980597,7820000
2006-07-03,30.6,31.15,30.17,30.42,25.050594,2782100
2006-07-05,30.43,30.57,30.15,30.41,25.042355,7181600
2006-07-06,30.549999,30.58,30.16,30.280001000000002,24.935314,7196800
2006-07-07,29.959999,30.059998999999998,28.719998999999998,28.959999,23.848299,11795100
2006-07-10,29.15,29.24,28.59,28.700001,23.63419,6462600
2006-07-11,28.99,29.0,27.91,28.530001000000002,23.494196,10379700
2006-07-12,28.549999,28.559998999999998,27.370001000000002,27.440001000000002,22.596595999999998,12517800
2006-07-13,27.549999,27.98,26.9,27.959999,23.024807,17942600
2006-07-14,27.860001,28.24,27.34,27.879998999999998,22.958929,11616400
2006-07-17,27.889999,28.299999,27.6,27.940001000000002,23.008337,8084000
2006-07-18,28.0,28.25,27.43,27.77,22.86834,9322400
2006-07-19,27.75,28.889999,27.57,28.68,23.660318,11017100
2006-07-20,28.549999,28.799999,28.139999,28.17,23.239582000000002,9718200
2006-07-21,28.190001000000002,28.27,27.780001000000002,28.110001,23.190084,7036000
2006-07-24,28.110001,28.99,28.110001,28.85,23.800566,8084100
2006-07-25,28.77,29.440001000000002,28.610001,29.309998999999998,24.18005,7036800
2006-07-26,29.09,29.17,28.629998999999998,28.75,23.718061,5866400
2006-07-27,28.799999,29.01,28.370001000000002,28.450001,23.470577,6228400
2006-07-28,28.6,29.02,28.43,28.700001,23.676819000000002,5921400
2006-07-31,28.610001,28.83,28.32,28.35,23.388071,6862100
2006-08-01,28.35,28.360001,28.0,28.15,23.223082,5549700
2006-08-02,27.85,28.5,27.610001,28.5,23.511822,8634600
2006-08-03,27.9,29.15,27.860001,29.01,23.932564000000003,8287700
2006-08-04,29.5,29.84,28.120001000000002,28.780001000000002,23.742817000000002,10374300
2006-08-07,28.68,28.84,28.299999,28.65,23.635572,4414000
2006-08-08,28.610001,28.719998999999998,28.129998999999998,28.309998999999998,23.355074,5882400
2006-08-09,28.379998999999998,28.379998999999998,27.209999,27.389999,22.5961,10781000
2006-08-10,27.299999,28.02,27.26,28.02,23.115835,7412100
2006-08-11,27.799999,28.17,27.700001,28.1,23.181829,5777800
2006-08-14,28.450001,28.709999,28.0,28.1,23.181829,5235300
2006-08-15,28.51,28.98,28.209999,28.639999,23.627321,7661900
2006-08-16,28.9,28.92,28.24,28.85,23.800566,5119200
2006-08-17,28.75,29.799999,28.6,29.450001,24.295548999999998,7396200
2006-08-18,29.700001,29.950001,29.4,29.52,24.353298000000002,7240800
2006-08-21,28.200001,28.58,27.9,28.35,23.388071,15824600
2006-08-22,28.309998999999998,28.32,27.879998999999998,27.92,23.033345999999998,10511000
2006-08-23,27.75,27.889999,27.059998999999998,27.110001,22.365108,13530300
2006-08-24,27.5,27.5,26.200001,26.370001000000002,21.754625,20595600
2006-08-25,26.15,26.85,26.15,26.75,22.068117,11346900
2006-08-28,26.85,27.35,26.77,27.129998999999998,22.381609,9286700
2006-08-29,27.139999,27.360001,26.959999,27.23,22.464108,9014200
2006-08-30,27.41,27.530001000000002,27.120001000000002,27.25,22.480601999999998,6542100
2006-08-31,27.200001,27.24,26.98,27.059998999999998,22.323853,6716200
2006-09-01,27.08,27.5,27.059998999999998,27.33,22.546597,6634800
2006-09-05,27.15,27.889999,27.15,27.82,22.95084,8252800
2006-09-06,27.799999,27.809998999999998,27.299999,27.450001,22.645597,7541400
2006-09-07,27.23,27.5,26.9,27.09,22.348606,9264500
2006-09-08,27.190001000000002,27.360001,27.049999,27.24,22.472357000000002,5650400
2006-09-11,26.76,27.950001,26.76,27.860001,22.983841,7895700
2006-09-12,27.85,29.32,27.85,28.85,23.800566,13900400
2006-09-13,28.799999,29.290001,28.59,28.959999,23.89131,8534000
2006-09-14,28.57,29.41,28.35,29.33,24.196552,8318100
2006-09-15,29.610001,29.690001000000002,28.799999,29.35,24.213053,12045500
2006-09-18,28.98,29.190001000000002,28.639999,28.879998999999998,23.82531,6624700
2006-09-19,28.870001000000002,28.879998999999998,28.290001,28.559998999999998,23.561321,7930900
2006-09-20,28.799999,28.799999,28.280001000000002,28.309998999999998,23.355074,9664100
2006-09-21,28.309998999999998,28.6,28.18,28.370001000000002,23.404577,9704000
2006-09-22,28.049999,28.35,27.93,28.33,23.371579999999998,8465600
2006-09-25,28.34,29.01,28.049999,28.84,23.792317999999998,10906600
2006-09-26,28.4,29.5,28.370001000000002,28.85,23.800566,15757400
2006-09-27,28.450001,28.84,28.25,28.370001000000002,23.404577,10778900
2006-09-28,28.5,28.83,28.209999,28.65,23.635572,10585400
2006-09-29,28.700001,28.799999,28.059998999999998,28.059998999999998,23.148832000000002,7288000
2006-10-02,28.1,28.34,27.85,28.16,23.231337,6843800
2006-10-03,28.200001,28.709999,28.02,28.629998999999998,23.61907,6869600
2006-10-04,28.5,29.969998999999998,28.41,29.959999,24.716293,15521400
2006-10-05,29.799999,30.07,29.42,30.049999,24.790531,8659300
2006-10-06,29.799999,29.940001000000002,29.1,29.209999,24.097557000000002,10644100
2006-10-09,29.01,30.030001000000002,29.0,29.74,24.534798000000002,7748300
2006-10-10,29.91,30.299999,29.83,30.200001,24.914288,7530700
2006-10-11,30.190001000000002,30.77,30.129998999999998,30.5,25.161776,10528200
2006-10-12,30.639999,31.24,30.610001,31.08,25.640263,12118200
2006-10-13,31.0,31.0,30.58,30.950001,25.533018,10360900
2006-10-16,31.450001,31.549999,31.1,31.139999,25.689754,8455300
2006-10-17,31.139999,31.200001,30.32,30.549999,25.203026,9813700
2006-10-18,30.860001,31.370001000000002,30.620001000000002,31.299999,25.864088,11541100
2006-10-19,31.059998999999998,31.35,30.379998999999998,30.5,25.203028,6727500
2006-10-20,30.67,30.68,30.049999,30.25,24.996439000000002,9093100
2006-10-23,30.059998999999998,30.940001000000002,30.049999,30.889999,25.52529,7212300
2006-10-24,30.610001,31.0,30.35,30.450001,25.161709,5726700
2006-10-25,30.5,30.51,29.85,30.0,24.789862,9989900
2006-10-26,30.0,30.719998999999998,29.870001000000002,30.639999,25.318707,10291400
2006-10-27,30.51,30.65,30.24,30.34,25.070807000000002,7999200
2006-10-30,30.459999,30.530001000000002,30.17,30.290001,25.02949,7221400
2006-10-31,30.48,30.610001,29.950001,30.139999,24.905545999999998,7986200
2006-11-01,30.16,30.25,29.57,29.620001000000002,24.475857,9216600
2006-11-02,29.35,29.74,29.25,29.469998999999998,24.351906,6827300
2006-11-03,29.469998999999998,29.77,28.799999,29.049999,24.00485,8850800
2006-11-06,28.690001000000002,29.200001,28.59,28.82,23.814792999999998,12834400
2006-11-07,28.75,29.51,28.75,29.33,24.236217,26306200
2006-11-08,29.33,29.67,29.129998999999998,29.52,24.393225,9144100
2006-11-09,29.200001,29.51,29.08,29.1,24.046158,9251000
2006-11-10,29.200001,29.35,28.85,29.17,24.104008,5266700
2006-11-13,29.040001,29.49,28.99,29.0,23.963539,7358000
2006-11-14,29.23,30.34,28.75,30.23,24.979916,16943600
2006-11-15,30.4,31.190001000000002,30.4,30.540001,25.236082,13540400
2006-11-16,30.52,30.84,30.299999,30.709999,25.376551,7403700
2006-11-17,30.540001,30.66,30.190001000000002,30.48,25.186497,8025500
2006-11-20,30.1,31.07,30.0,30.58,25.269133,11690600
2006-11-21,30.5,30.860001,30.35,30.68,25.351770000000002,5937300
2006-11-22,30.48,30.9,30.209999,30.34,25.070807000000002,7120000
2006-11-24,30.15,30.360001,30.0,30.0,24.789862,2286100
2006-11-27,30.879998999999998,30.889999,30.32,30.4,25.120394,9432200
2006-11-28,30.190001000000002,30.379998999999998,29.870001000000002,29.92,24.723753,11577800
2006-11-29,30.4,30.5,29.959999,30.1,24.872494,11325500
2006-11-30,30.1,30.280001000000002,29.75,30.16,24.922079,9152500
2006-12-01,30.5,31.43,30.5,30.889999,25.52529,16432200
2006-12-04,30.799999,31.09,30.6,30.790001,25.442659,7380600
2006-12-05,30.700001,31.34,30.65,31.24,25.814505,8598900
2006-12-06,31.25,31.9,31.25,31.639999,26.145037,10177800
2006-12-07,31.639999,31.84,30.84,30.870001000000002,25.508766,9089500
2006-12-08,30.879998999999998,31.379998999999998,30.74,30.809998999999998,25.45919,7427100
2006-12-11,30.58,30.9,30.51,30.9,25.533556,6634600
2006-12-12,30.85,30.950001,30.540001,30.629998999999998,25.31045,7900700
2006-12-13,30.790001,31.049999,30.469998999999998,30.549999,25.244335,7366600
2006-12-14,30.6,31.6,30.5,31.459999,25.9963,11025600
2006-12-15,31.780001000000002,31.98,31.34,31.41,25.954981,10777100
2006-12-18,31.450001,31.690001000000002,30.959999,31.08,25.682297,8216600
2006-12-19,30.809998999999998,31.0,30.360001,30.940001000000002,25.566608,8066900
2006-12-20,30.83,31.049999,30.370001000000002,30.51,25.211285,5379700
2006-12-21,30.51,30.6,30.15,30.23,24.979916,5665100
2006-12-22,30.299999,30.59,30.209999,30.43,25.145182000000002,3641200
2006-12-26,30.360001,30.67,30.299999,30.6,25.285664,2753500
2006-12-27,30.620001000000002,31.34,30.620001000000002,31.200001,25.78146,6710400
2006-12-28,31.1,31.27,30.91,31.24,25.814505,4790300
2006-12-29,31.1,31.48,30.940001000000002,31.15,25.740139000000003,7746100
2007-01-03,31.209999,32.310001,31.15,32.040001000000004,26.475578000000002,14143200
2007-01-04,32.400002,32.5,31.610001,32.18,26.591261,8351900
2007-01-05,32.16,32.41,31.59,31.790001,26.268988,8295600
2007-01-08,31.620001000000002,31.82,31.129998999999998,31.700001,26.194616,6423400
2007-01-09,31.76,32.049999,31.690001000000002,31.870001000000002,26.335093,5053300
2007-01-10,31.709999,32.59,31.700001,32.470001,26.830894,8741800
2007-01-11,32.470001,33.139998999999996,32.419998,33.049999,27.310156,8904600
2007-01-12,33.07,33.169998,32.580002,33.060001,27.318428000000004,7217000
2007-01-16,33.0,33.43,32.919998,33.400002,27.59938,6380800
2007-01-17,33.389998999999996,33.52,33.150002,33.200001,27.475239000000002,6053300
2007-01-18,33.549999,33.84,33.130001,33.59,27.797992999999998,6968300
2007-01-19,33.900002,33.950001,33.509997999999996,33.709998999999996,27.897308000000002,6330200
2007-01-22,33.849998,33.849998,33.16,33.43,27.665584999999997,6427400
2007-01-23,33.509997999999996,33.810001,33.25,33.639998999999996,27.839376,7499500
2007-01-24,33.720001,33.810001,33.5,33.59,27.797992999999998,5662600
2007-01-25,33.52,33.59,32.900002,33.080002,27.375931,6752000
2007-01-26,33.049999,33.200001,32.43,32.580002,26.962152000000003,7389400
2007-01-29,32.790001000000004,32.959998999999996,32.540001000000004,32.669998,27.036633000000002,5926000
2007-01-30,32.669998,32.91,32.360001000000004,32.5,26.895945,5820200
2007-01-31,32.57,33.950001,32.5,33.709998999999996,27.897308000000002,11574400
2007-02-01,33.900002,34.5,33.860001000000004,34.240002000000004,28.335924,11452100
2007-02-02,34.389998999999996,34.650002,34.02,34.150002,28.261433,5226900
2007-02-05,34.049999,34.32,33.959998999999996,34.110001000000004,28.228329,4374800
2007-02-06,34.27,34.450001,33.950001,34.119999,28.236601,3922700
2007-02-07,33.560001,34.389998999999996,33.560001,34.07,28.195217,3092500
2007-02-08,34.07,34.09,33.549999,33.75,27.930401,5425700
2007-02-09,33.779999,34.060001,33.360001000000004,33.419998,27.657309,6205300
2007-02-12,33.509997999999996,33.880001,33.470001,33.5,27.723511,4777700
2007-02-13,33.52,33.810001,33.419998,33.610001000000004,27.814546999999997,4379300
2007-02-14,33.560001,33.630001,33.169998,33.439999,27.673861,7870700
2007-02-15,33.400002,33.950001,33.32,33.880001,28.037985,5196000
2007-02-16,33.77,33.799999,33.130001,33.27,27.533172999999998,6962900
2007-02-20,33.130001,33.990002000000004,32.880001,33.73,27.913846999999997,6556700
2007-02-21,33.5,33.849998,33.419998,33.73,27.913846999999997,4549300
2007-02-22,33.560001,33.740002000000004,33.310001,33.630001,27.83111,3948300
2007-02-23,34.98,35.740002000000004,34.720001,34.93,28.906934999999997,20234600
2007-02-26,34.84,35.25,34.16,34.34,28.418671000000003,7107300
2007-02-27,34.029999,34.029999,32.779999,33.259997999999996,27.524893,12373100
2007-02-28,33.09,33.130001,32.439999,32.549999,26.93733,14238500
2007-03-01,32.150002,32.490002000000004,31.82,32.209998999999996,26.655951,12261500
2007-03-02,32.099998,32.529999,31.92,31.940001000000002,26.432512,10923600
2007-03-05,31.75,32.360001000000004,31.74,31.77,26.291826,10637500
2007-03-06,32.049999,32.669998,32.029999,32.52,26.912502000000003,8753800
2007-03-07,32.369999,32.790001000000004,32.18,32.580002,26.962152000000003,6372900
2007-03-08,32.619999,33.259997999999996,32.459998999999996,32.529999,26.920772999999997,7611300
2007-03-09,32.75,32.91,32.110001000000004,32.34,26.763536,7873900
2007-03-12,32.25,32.5,32.099998,32.34,26.763536,7088300
2007-03-13,32.080002,32.09,30.65,30.74,25.439429999999998,21141700
2007-03-14,30.74,31.09,29.870001000000002,31.030001000000002,25.67943,18295400
2007-03-15,30.969998999999998,31.34,30.870001000000002,31.209999,25.828388,8184300
2007-03-16,31.09,31.24,30.799999,30.93,25.596667999999998,9884900
2007-03-19,31.0,31.24,30.91,31.129998999999998,25.762179999999997,8361400
2007-03-20,31.049999,31.41,30.940001000000002,31.290001,25.894588,8047000
2007-03-21,31.35,32.470001,31.25,32.259997999999996,26.697328999999996,11002800
2007-03-22,32.349998,33.0,31.790001,32.240002000000004,26.680784000000003,8107700
2007-03-23,32.169998,32.650002,32.130001,32.369999,26.788364,8428300
2007-03-26,32.5,32.610001000000004,31.799999,32.139998999999996,26.598024,6212100
2007-03-27,31.959999,32.0,31.41,31.74,26.266994,8625900
2007-03-28,31.5,31.6,30.610001,31.02,25.671144,12155500
2007-03-29,31.35,31.440001000000002,30.85,31.139999,25.770456,9602300
2007-03-30,31.139999,31.629998999999998,30.940001000000002,31.49,26.060104,8125000
2007-04-02,31.43,31.469998999999998,31.01,31.08,25.720802,6061900
2007-04-03,31.280001000000002,32.07,31.200001,31.700001,26.233890999999996,9589700
2007-04-04,31.549999,31.67,31.23,31.370001000000002,25.960794,6358600
2007-04-05,31.41,31.49,31.26,31.389999,25.977345,3225100
2007-04-09,31.52,31.66,31.33,31.5,26.068378,3495500
2007-04-10,31.549999,31.809998999999998,31.440001000000002,31.610001,26.159409,6538300
2007-04-11,31.68,31.75,31.09,31.219998999999998,25.836657000000002,7323500
2007-04-12,31.1,31.41,30.690001000000002,31.290001,25.894588,5281100
2007-04-13,31.889999,31.889999,30.9,31.139999,25.770456,5159100
2007-04-16,31.33,31.559998999999998,31.15,31.309998999999998,25.911137,6109600
2007-04-17,31.5,32.07,31.459999,31.84,26.349749,7406000
2007-04-18,31.65,31.74,31.43,31.52,26.125954,5396100
2007-04-19,31.98,31.98,31.200001,31.51,26.117666,4891600
2007-04-20,31.790001,32.23,31.75,32.02,26.540388,7915900
2007-04-23,32.029999,32.080002,31.549999,31.549999,26.150818,4361800
2007-04-24,31.5,31.59,30.889999,31.1,25.777829999999998,9322700
2007-04-25,31.34,31.6,31.09,31.15,25.819273000000003,5266100
2007-04-26,31.25,31.35,30.91,30.969998999999998,25.67008,6728400
2007-04-27,30.9,31.18,30.76,30.85,25.570614000000003,7055100
2007-04-30,31.059998999999998,31.1,30.549999,30.559998999999998,25.330235000000002,9503800
2007-05-01,30.65,30.85,30.389999,30.700001,25.446286999999998,11442300
2007-05-02,30.459999,31.02,30.370001000000002,30.68,25.42971,5877800
2007-05-03,30.700001,30.92,30.440001000000002,30.52,25.297091,6994600
2007-05-04,30.700001,30.719998999999998,30.35,30.450001,25.239065,8000600
2007-05-07,30.73,30.75,30.4,30.690001000000002,25.437996,7863200
2007-05-08,30.549999,30.799999,30.42,30.68,25.42971,9475200
2007-05-09,30.66,31.76,30.66,31.719998999999998,26.291731,11215900
2007-05-10,31.52,31.940001000000002,31.0,31.08,25.761253,13430700
2007-05-11,31.23,31.43,30.709999,30.870001000000002,25.587193,11036300
2007-05-14,30.93,31.389999,30.9,30.99,25.686657,7753200
2007-05-15,30.9,31.57,30.709999,30.889999,25.603771,10423600
2007-05-16,31.0,31.440001000000002,30.950001,31.280001000000002,25.927031,9194300
2007-05-17,31.290001,31.559998999999998,31.15,31.33,25.968475,5849500
2007-05-18,31.51,32.740002000000004,31.41,32.669998,27.079159000000004,16256700
2007-05-21,32.009997999999996,32.799999,31.34,31.879998999999998,26.424346999999997,27895600
2007-05-22,31.58,32.099998,31.58,31.73,26.300017999999998,7730300
2007-05-23,31.84,32.310001,31.6,31.790001,26.349749,7743500
2007-05-24,31.68,32.950001,31.629998999999998,32.060001,26.573542,10662200
2007-05-25,32.099998,32.360001000000004,31.809998999999998,32.130001,26.631566999999997,6738000
2007-05-29,32.349998,32.419998,31.9,32.02,26.540388,8851000
2007-05-30,31.969998999999998,32.32,31.85,32.299999,26.772474,9639400
2007-05-31,32.330002,32.950001,32.209998999999996,32.82,27.203487,9094600
2007-06-01,32.82,33.189999,32.59,32.66,27.070871,8846300
2007-06-04,32.5,33.060001,32.5,32.990002000000004,27.344389000000003,7087100
2007-06-05,32.700001,32.810001,32.310001,32.419998,26.871939,6983200
2007-06-06,32.25,32.360001000000004,31.9,32.139998999999996,26.639853999999996,8037800
2007-06-07,32.009997999999996,32.25,31.66,31.719998999999998,26.291731,10687000
2007-06-08,31.719998999999998,32.169998,31.43,32.049999,26.565258,7786200
2007-06-11,31.85,32.049999,31.639999,31.799999,26.358038,5786900
2007-06-12,31.65,31.77,31.34,31.360001,25.993336,8198200
2007-06-13,31.540001,31.620001000000002,31.139999,31.559998999999998,26.159113,9817000
2007-06-14,31.51,31.610001,31.299999,31.5,26.109382999999998,8053700
2007-06-15,31.65,31.870001000000002,31.5,31.549999,26.150818,10345000
2007-06-18,31.610001,31.719998999999998,31.51,31.65,26.233709,6315200
2007-06-19,31.59,31.629998999999998,31.25,31.58,26.175692,5962700
2007-06-20,32.150002,32.23,31.58,31.65,26.233709,11728400
2007-06-21,31.59,31.93,31.24,31.9,26.440926,8448600
2007-06-22,31.9,31.9,30.93,31.040001,25.728098000000003,12391400
2007-06-25,31.049999,31.440001000000002,30.709999,31.219998999999998,25.877292999999998,9982700
2007-06-26,31.33,31.639999,31.030001000000002,31.120001000000002,25.794408999999998,9169600
2007-06-27,30.99,31.35,30.9,31.25,25.902163,7888000
2007-06-28,31.190001000000002,31.299999,30.700001,30.74,25.479443,10426600
2007-06-29,30.76,31.049999,30.559998999999998,30.690001000000002,25.437996,7511400
2007-07-02,30.799999,30.959999,30.610001,30.709999,25.454573,6709900
2007-07-03,30.709999,30.809998999999998,30.49,30.790001,25.52088,5289900
2007-07-05,30.690001000000002,30.85,30.5,30.780001000000002,25.512592,6125600
2007-07-06,30.700001,31.15,30.48,31.110001,25.786125,8618000
2007-07-09,31.219998999999998,31.309998999999998,30.66,30.74,25.479443,8255700
2007-07-10,30.299999,30.52,29.92,29.98,24.849495,14138400
2007-07-11,29.870001000000002,30.049999,29.530001000000002,30.02,24.882652,14158300
2007-07-12,30.16,30.74,30.02,30.709999,25.454573,9889100
2007-07-13,30.700001,30.860001,30.24,30.76,25.496017000000002,5770300
2007-07-16,30.559998999999998,30.66,30.120001000000002,30.17,25.006982999999998,7736300
2007-07-17,30.17,30.17,29.74,29.860001,24.750029,8240700
2007-07-18,29.67,30.110001,29.549999,29.68,24.666930999999998,10814600
2007-07-19,30.139999,30.18,29.549999,29.68,24.666930999999998,9453300
2007-07-20,29.51,30.040001,29.51,29.629998999999998,24.625366,11547100
2007-07-23,29.52,29.98,29.360001,29.43,24.459148000000003,10133200
2007-07-24,29.01,29.66,28.780001000000002,28.92,24.035286,11475400
2007-07-25,29.0,29.23,28.42,28.629998999999998,23.794276999999997,10238400
2007-07-26,28.25,28.66,27.969998999999998,28.360001,23.569882999999997,16921100
2007-07-27,28.32,28.690001000000002,27.77,27.77,23.079538,11886300
2007-07-30,27.959999,28.32,27.379998999999998,28.209999,23.445217,13140100
2007-07-31,28.549999,28.74,27.959999,28.01,23.278994,10149500
2007-08-01,27.940001000000002,28.370001000000002,27.67,28.309998999999998,23.528318,12811500
2007-08-02,28.299999,28.610001,28.0,28.469998999999998,23.661303,8309000
2007-08-03,28.48,28.48,27.4,27.450001,22.813576,11663000
2007-08-06,27.68,28.09,27.059998999999998,28.040001,23.303929999999998,13685200
2007-08-07,27.780001000000002,28.23,27.27,27.92,23.204201,13860300
2007-08-08,27.99,28.74,27.809998999999998,28.469998999999998,23.661303,12637000
2007-08-09,27.73,28.389999,26.08,27.43,22.796953,16820600
2007-08-10,27.01,28.040001,26.549999,27.76,23.071228,10510600
2007-08-13,27.99,28.200001,27.4,27.540001,22.888384,8755900
2007-08-14,27.5,27.84,26.700001,26.75,22.231813,13572100
2007-08-15,26.780001000000002,27.299999,26.209999,26.33,21.882755,11572300
2007-08-16,26.07,26.92,25.98,26.809998999999998,22.281679,14403700
2007-08-17,27.5,28.4,26.700001,26.870001000000002,22.331551,16209400
2007-08-20,28.65,28.969998999999998,28.200001,28.5,23.686226,19168500
2007-08-21,28.559998999999998,29.299999,28.51,28.91,24.026981,12309500
2007-08-22,29.639999,29.85,29.379998999999998,29.82,24.783279,12372200
2007-08-23,29.870001000000002,30.0,29.200001,29.629998999999998,24.625366,11887900
2007-08-24,29.6,30.25,29.559998999999998,30.200001,25.099094,9192900
2007-08-27,30.18,30.299999,29.559998999999998,29.620001000000002,24.617060000000002,7703200
2007-08-28,29.74,29.75,28.92,28.98,24.085154,9675200
2007-08-29,29.030001000000002,30.190001000000002,29.030001000000002,30.15,25.057537,9490900
2007-08-30,29.799999,30.49,29.780001000000002,30.27,25.157272,9425700
2007-08-31,30.440001000000002,31.290001,30.120001000000002,31.059998999999998,25.813833,16253200
2007-09-04,30.75,31.030001000000002,30.620001000000002,30.860001,25.647619,9369900
2007-09-05,30.52,30.74,29.85,30.18,25.082466,10006200
2007-09-06,30.18,30.49,29.91,30.209999,25.107405,8587900
2007-09-07,29.42,30.07,28.6,29.43,24.459148000000003,10279200
2007-09-10,29.389999,30.120001000000002,29.190001000000002,29.76,24.733412,12281700
2007-09-11,29.799999,30.110001,29.709999,30.08,24.999365,9607100
2007-09-12,30.0,30.120001000000002,29.700001,29.75,24.7251,7858400
2007-09-13,29.98,31.040001,29.799999,30.67,25.489710000000002,8775500
2007-09-14,30.4,30.9,30.17,30.799999,25.597752,7595200
2007-09-17,30.719998999999998,31.16,30.530001000000002,30.76,25.564507,6140700
2007-09-18,30.879998999999998,32.0,30.68,31.889999,26.503641,14560500
2007-09-19,31.879998999999998,32.529999,31.709999,31.92,26.528582,11814000
2007-09-20,32.009997999999996,32.09,30.98,31.07,25.822147,9658700
2007-09-21,31.35,31.360001,30.469998999999998,30.620001000000002,25.448154000000002,13544400
2007-09-24,30.49,30.83,30.35,30.549999,25.389978,7758800
2007-09-25,28.709999,29.370001000000002,28.43,28.51,23.694544,33082100
2007-09-26,28.52,28.790001,28.299999,28.559998999999998,23.736099,17505900
2007-09-27,28.58,28.68,28.129998999999998,28.299999,23.520012,11743300
2007-09-28,28.389999,28.450001,27.99,28.02,23.287302,9874000
2007-10-01,28.17,28.77,28.030001000000002,28.700001,23.852448000000003,9453700
2007-10-02,28.690001000000002,28.950001,28.5,28.709999,23.86076,8902300
2007-10-03,28.59,29.24,28.389999,28.93,24.0436,10281700
2007-10-04,28.950001,29.0,28.290001,28.639999,23.802588,6729300
2007-10-05,28.99,29.48,28.700001,29.290001,24.3428,8370200
2007-10-08,29.139999,29.209999,28.639999,28.76,23.902314999999998,5801100
2007-10-09,28.879998999999998,29.01,28.58,29.01,24.110085,7798700
2007-10-10,29.16,31.719998999999998,28.77,29.07,24.159954,7262200
2007-10-11,29.120001000000002,29.98,28.790001,28.969998999999998,24.076845000000002,8310900
2007-10-12,28.889999,29.110001,28.75,28.93,24.0436,5899300
2007-10-15,28.73,28.92,28.040001,28.16,23.403660000000002,10087500
2007-10-16,28.030001000000002,28.17,27.610001,27.75,23.062908,7259100
2007-10-17,28.0,28.049999,27.0,27.379998999999998,22.821194000000002,10412700
2007-10-18,27.23,27.370001000000002,26.879998999999998,27.08,22.57115,7929600
2007-10-19,27.01,27.01,26.01,26.129998999999998,21.779324,21538400
2007-10-22,26.129998999999998,27.17,25.92,26.92,22.437786,9311800
2007-10-23,27.35,27.35,26.4,26.719998999999998,22.271079999999998,8578200
2007-10-24,26.58,27.23,26.43,27.18,22.654505,8854000
2007-10-25,27.26,27.690001000000002,26.66,26.969998999999998,22.479467,12370300
2007-10-26,27.24,27.42,26.83,27.15,22.62949,6507000
2007-10-29,27.290001,27.440001000000002,26.93,27.200001,22.671164,5888900
2007-10-30,27.18,27.450001,26.92,26.99,22.496136,8651700
2007-10-31,27.040001,27.16,26.52,26.889999,22.412775,10290400
2007-11-01,26.51,26.870001000000002,26.110001,26.15,21.79599,9298700
2007-11-02,26.299999,26.459999,25.709999,26.0,21.670967,11467400
2007-11-05,25.549999,25.65,24.940001000000002,25.129998999999998,20.945826,15448000
2007-11-06,25.370001000000002,25.389999,24.469998999999998,24.73,20.612419,17007300
2007-11-07,24.299999,24.889999,24.16,24.379998999999998,20.320702,15960000
2007-11-08,24.4,24.68,23.870001000000002,24.530001000000002,20.445726,13583400
2007-11-09,24.25,24.4,23.83,23.92,19.93729,13680700
2007-11-12,24.32,24.879998999999998,24.139999,24.370001000000002,20.312366,12191100
2007-11-13,24.5,25.1,24.41,25.049999,20.879147,12912400
2007-11-14,25.25,25.48,24.780001000000002,24.84,20.704113,9173400
2007-11-15,24.780001000000002,25.17,24.68,25.049999,20.879147,16229900
2007-11-16,25.15,25.299999,24.780001000000002,25.01,20.845802,11700400
2007-11-19,24.1,24.23,22.99,23.120001000000002,19.270491,22918700
2007-11-20,23.24,23.559998999999998,22.200001,22.51,18.762058,20397200
2007-11-21,22.299999,22.33,22.049999,22.110001,18.428654,20023900
2007-11-23,22.25,22.389999,22.08,22.27,18.562014,7207200
2007-11-26,22.32,22.610001,21.76,21.84,18.203613,13043600
2007-11-27,21.91,22.32,21.799999,22.09,18.411987,14401900
2007-11-28,22.209999,23.860001,22.16,23.469998999999998,19.562212,21590700
2007-11-29,23.209999,24.26,23.209999,23.639999,19.703909,17907400
2007-11-30,24.02,24.690001000000002,23.9,24.41,20.345707,13914200
2007-12-03,24.41,24.450001,24.040001,24.129998999999998,20.112318,8460800
2007-12-04,24.0,24.549999,23.639999,24.280001000000002,20.237354,9281600
2007-12-05,24.459999,24.889999,24.25,24.540001,20.454056,9093800
2007-12-06,24.530001000000002,25.120001000000002,24.15,24.99,20.829126000000002,6245500
2007-12-07,24.99,25.290001,24.799999,25.08,20.904146,6890300
2007-12-10,25.1,25.24,24.75,25.040001,20.870808,6707000
2007-12-11,25.030001000000002,25.07,23.49,23.6,19.670567000000002,10645100
2007-12-12,24.18,24.4,23.01,23.43,19.528872,11011500
2007-12-13,23.27,23.9,22.6,23.08,19.23715,11819800
2007-12-14,22.889999,23.1,22.57,22.719998999999998,18.937094000000002,9988400
2007-12-17,22.620001000000002,22.92,21.01,22.74,18.953762,11661600
2007-12-18,22.870001000000002,23.17,22.459999,23.02,19.187138,9955700
2007-12-19,23.049999,23.110001,22.58,22.83,19.028774,8465900
2007-12-20,23.040001,23.040001,22.41,22.860001,19.053783,6535000
2007-12-21,22.9,23.42,22.780001000000002,23.35,19.462193,11395100
2007-12-24,23.07,23.610001,22.91,23.469998999999998,19.562212,3391300
2007-12-26,23.450001,23.450001,23.01,23.190001000000002,19.328836,5886300
2007-12-27,23.02,23.190001000000002,22.9,23.16,19.303827,6720000
2007-12-28,23.18,23.32,22.66,22.66,18.887075,6149700
2007-12-31,22.57,22.85,22.34,22.620001000000002,18.853739,10029200
2008-01-02,22.780001000000002,22.790001,22.030001000000002,22.18,18.487007000000002,10201100
2008-01-03,22.209999,22.48,21.709999,21.76,18.136932,8190700
2008-01-04,21.52,21.52,20.959999,21.08,17.570156,14752600
2008-01-07,21.209999,21.4,20.85,21.110001,17.595154,12646000
2008-01-08,21.200001,21.58,20.42,20.52,17.103394,12749400
2008-01-09,20.5,20.809998999999998,19.940001000000002,20.66,17.220085,17731900
2008-01-10,20.549999,21.120001000000002,20.18,20.780001000000002,17.320104999999998,16087700
2008-01-11,20.57,21.040001,20.209999,20.309998999999998,16.928362,14320400
2008-01-14,20.58,20.950001,20.34,20.84,17.370110999999998,11886400
2008-01-15,20.620001000000002,20.950001,20.120001000000002,20.77,17.311768,14739900
2008-01-16,20.629998999999998,21.959999,20.57,21.620001000000002,18.089924,16430600
2008-01-17,21.73,22.17,21.33,21.790001,18.232166,16750800
2008-01-18,21.91,23.1,21.91,22.190001000000002,18.566848999999998,18016100
2008-01-22,21.049999,24.75,21.049999,24.540001,20.533146,34442000
2008-01-23,24.17,26.209999,23.799999,26.040001,21.788231,30833400
2008-01-24,25.9,26.15,25.02,25.41,21.261098999999998,19564800
2008-01-25,25.700001,25.92,24.389999,24.709999,20.675385000000002,15654200
2008-01-28,24.43,25.42,24.27,25.4,21.252729000000002,10840000
2008-01-29,25.440001000000002,25.940001000000002,24.85,25.790001,21.579051999999997,11202300
2008-01-30,25.73,25.950001,25.17,25.34,21.20252,21036800
2008-01-31,24.83,26.870001000000002,24.57,26.43,22.114553,19133000
2008-02-01,26.08,26.35,25.23,25.549999,21.378232999999998,15784600
2008-02-04,25.530001000000002,25.620001000000002,24.610001,24.780001000000002,20.733963,10473500
2008-02-05,24.389999,24.84,24.08,24.09,20.156617999999998,13464000
2008-02-06,24.280001000000002,24.629998999999998,23.52,23.67,19.805201999999998,13109300
2008-02-07,23.57,24.940001000000002,23.57,23.98,20.064589,18658400
2008-02-08,24.0,24.15,23.450001,23.610001,19.754995,9865700
2008-02-11,23.75,24.33,23.280001000000002,24.27,20.307236,8870900
2008-02-12,24.370001000000002,24.77,24.02,24.190001000000002,20.240295,10314400
2008-02-13,24.33,24.59,24.040001,24.17,20.223554999999998,9124700
2008-02-14,24.200001,24.209999,23.34,23.549999,19.70479,10047600
2008-02-15,23.48,23.49,22.85,23.33,19.520712,12078600
2008-02-19,23.57,23.82,23.07,23.139999,19.361735999999997,12335600
2008-02-20,23.07,23.48,22.700001,23.309998999999998,19.503982999999998,11148000
2008-02-21,23.360001,23.6,23.16,23.23,19.437038,10496700
2008-02-22,23.129998999999998,23.66,22.940001000000002,23.59,19.738256,13725700
2008-02-25,23.049999,24.91,22.99,24.5,20.499679999999998,27034800
2008-02-26,24.08,25.110001,24.08,24.99,20.909674,14411600
2008-02-27,24.74,25.68,24.59,25.49,21.328026,15384300
2008-02-28,25.35,25.379998999999998,24.610001,24.68,20.650285999999998,11374700
2008-02-29,24.360001,24.540001,23.780001000000002,23.969998999999998,20.056206,11623900
2008-03-03,23.940001000000002,24.57,23.35,24.33,20.357433,13312600
2008-03-04,24.059998999999998,24.280001000000002,23.799999,24.07,20.139893,16115900
2008-03-05,24.07,24.6,23.440001000000002,23.75,19.872139,12015900
2008-03-06,23.59,23.65,22.6,22.629998999999998,18.935011,14214300
2008-03-07,22.549999,23.01,22.0,22.4,18.742561,13166900
2008-03-10,22.389999,22.5,21.540001,21.610001,18.081556,14390300
2008-03-11,22.219998999999998,22.59,21.459999,22.209999,18.583585999999997,22743100
2008-03-12,21.780001000000002,22.73,21.75,21.809998999999998,18.248898999999998,14416600
2008-03-13,21.469998999999998,21.84,20.91,21.66,18.123383999999998,21850300
2008-03-14,22.0,22.0,20.76,21.120001000000002,17.671566000000002,15666800
2008-03-17,20.33,20.940001000000002,20.25,20.530001000000002,17.177895,17792400
2008-03-18,21.0,22.370001000000002,21.0,22.370001000000002,18.717463000000002,26369800
2008-03-19,22.450001,22.9,21.940001000000002,21.99,18.399507999999997,15811900
2008-03-20,22.09,23.33,22.09,23.23,19.437038,17389700
2008-03-24,23.620001000000002,24.92,23.620001000000002,24.290001,20.323973000000002,15629400
2008-03-25,24.280001000000002,24.290001,23.32,23.68,19.813572,10699400
2008-03-26,23.52,23.52,22.860001,23.209999,19.420309,10679300
2008-03-27,23.41,23.67,23.01,23.02,19.261328,9768000
2008-03-28,22.98,23.09,22.610001,22.67,18.968483,8109200
2008-03-31,22.65,23.18,22.41,22.940001000000002,19.194392999999998,8150900
2008-04-01,23.25,24.58,23.209999,24.49,20.491312,12964100
2008-04-02,24.620001000000002,25.1,24.360001,24.58,20.566618,12411100
2008-04-03,24.43,24.6,24.02,24.32,20.349068,8366300
2008-04-04,24.309998999999998,24.690001000000002,24.07,24.26,20.29887,7614000
2008-04-07,24.440001000000002,24.49,23.889999,24.209999,20.257023,9320500
2008-04-08,24.09,24.24,23.870001000000002,24.02,20.098047,12134800
2008-04-09,24.040001,24.15,23.16,23.33,19.520712,9619800
2008-04-10,23.290001,24.82,23.27,24.530001000000002,20.524775,21843300
2008-04-11,24.18,24.42,23.91,23.99,20.072954,12843900
2008-04-14,23.93,24.35,23.84,24.030001000000002,20.106422,8363600
2008-04-15,24.139999,24.27,23.700001,24.200001,20.248663,8936000
2008-04-16,24.450001,24.58,24.0,24.48,20.550884,8268200
2008-04-17,24.360001,24.74,24.24,24.530001000000002,20.592855,6444100
2008-04-18,24.889999,25.24,24.700001,24.85,20.861494,8753500
2008-04-21,24.85,24.969998999999998,24.52,24.83,20.844701999999998,6246000
2008-04-22,24.67,24.790001,24.129998999999998,24.32,20.416557,9413700
2008-04-23,24.370001000000002,24.92,24.040001,24.43,20.508907,7728800
2008-04-24,24.370001000000002,25.379998999999998,24.370001000000002,25.02,21.004206,10130800
2008-04-25,25.440001000000002,26.049999,24.98,26.02,21.843706,11032700
2008-04-28,25.99,26.02,25.469998999999998,25.639999,21.524694,7028200
2008-04-29,25.440001000000002,25.799999,25.049999,25.52,21.423958,9193300
2008-04-30,25.540001,25.98,25.129998999999998,25.190001000000002,21.146923,11120600
2008-05-01,25.049999,27.18,25.049999,26.27,22.053576,21272100
2008-05-02,26.51,27.02,25.99,26.129998999999998,21.936049,15534000
2008-05-05,26.16,26.18,25.4,25.450001,21.365194,10821600
2008-05-06,25.35,25.57,25.0,25.41,21.33161,9581200
2008-05-07,25.379998999999998,25.889999,24.82,24.93,20.928656,9650000
2008-05-08,25.0,25.16,24.09,24.129998999999998,20.257053,14038000
2008-05-09,23.889999,24.59,23.77,24.200001,20.315821,10391700
2008-05-12,24.309998999999998,24.77,24.17,24.690001000000002,20.727169,12034200
2008-05-13,24.700001,24.889999,24.32,24.389999,20.475319,9264800
2008-05-14,24.459999,25.049999,24.389999,24.9,20.903471,10931800
2008-05-15,24.98,25.200001,24.629998999999998,25.139999,21.10495,12582600
2008-05-16,25.219998999999998,25.24,24.51,24.889999,20.895073,15893300
2008-05-19,23.99,24.700001,23.879998999999998,24.25,20.357794000000002,22453100
2008-05-20,24.08,24.08,23.67,23.76,19.946436,15147400
2008-05-21,23.690001000000002,23.98,23.23,23.379998999999998,19.627438,13765400
2008-05-22,23.389999,23.6,23.09,23.459999,19.694592,9874300
2008-05-23,23.389999,23.49,23.02,23.299999,19.560276,9586100
2008-05-27,23.450001,24.01,23.129998999999998,23.51,19.736568,11344500
2008-05-28,23.870001000000002,24.200001,23.620001000000002,24.16,20.282239999999998,12863100
2008-05-29,24.120001000000002,24.51,23.99,24.389999,20.475319,9010100
2008-05-30,24.299999,24.440001000000002,23.969998999999998,24.0,20.147923000000002,7388100
2008-06-02,24.280001000000002,24.360001,23.620001000000002,24.059998999999998,20.198292000000002,11132700
2008-06-03,24.290001,24.290001,23.700001,23.969998999999998,20.122734,9582900
2008-06-04,23.98,24.35,23.809998999999998,24.040001,20.181499,7749800
2008-06-05,24.18,24.82,24.120001000000002,24.620001000000002,20.668411,10562900
2008-06-06,24.16,24.309998999999998,23.5,23.52,19.744968,12721600
2008-06-09,23.700001,23.99,22.870001000000002,23.23,19.501514,13786300
2008-06-10,23.09,23.559998999999998,22.85,23.309998999999998,19.568666,9352100
2008-06-11,23.309998999999998,23.35,22.83,22.85,19.182499,15307700
2008-06-12,23.030001000000002,23.4,23.030001000000002,23.280001000000002,19.543484,15657600
2008-06-13,23.48,24.16,23.360001,24.139999,20.265451000000002,8524900
2008-06-16,24.030001000000002,24.309998999999998,23.68,24.049999,20.189896,8076000
2008-06-17,24.15,24.23,23.41,23.440001000000002,19.677805,9454600
2008-06-18,23.34,23.48,22.790001,23.15,19.434351,9243200
2008-06-19,23.1,23.65,22.93,23.57,19.786942,10066200
2008-06-20,23.370001000000002,23.52,22.700001,22.83,19.165712,11046500
2008-06-23,22.879998999999998,22.93,21.68,21.780001000000002,18.284239000000003,14168700
2008-06-24,21.790001,22.34,21.24,21.91,18.393372,12053300
2008-06-25,22.040001,22.9,21.860001,22.129998999999998,18.578058,13566700
2008-06-26,21.84,21.950001,21.200001,21.200001,17.797333,11488900
2008-06-27,21.209999,21.370001000000002,20.76,20.870001000000002,17.5203,17689600
2008-06-30,20.77,21.25,20.52,20.75,17.419548000000002,17021900
2008-07-01,20.469998999999998,20.65,19.950001,20.610001,17.302027,16341900
2008-07-02,20.65,21.07,20.23,20.23,16.983023,14546200
2008-07-03,20.360001,20.59,19.99,20.219998999999998,16.974623,8457300
2008-07-07,20.5,20.950001,19.93,20.09,16.865489999999998,13596700
2008-07-08,20.16,20.84,20.02,20.82,17.478319,11683700
2008-07-09,20.809998999999998,20.93,20.129998999999998,20.219998999999998,16.974623,12015500
2008-07-10,20.18,20.389999,19.41,19.42,16.303026000000003,17149800
2008-07-11,19.23,19.41,18.610001,18.9,15.866493,20947400
2008-07-14,19.200001,19.33,18.719998999999998,19.0,15.950432000000001,11740100
2008-07-15,18.6,18.77,18.059998999999998,18.280001000000002,15.345996,27158200
2008-07-16,18.32,19.33,18.0,19.33,16.303279999999997,18841800
2008-07-17,19.469998999999998,20.299999,18.799999,20.1,16.952710999999997,13847100
2008-07-18,20.540001,20.540001,19.48,19.93,16.809328,12409500
2008-07-21,20.059998999999998,20.209999,19.51,19.75,16.657516,8067800
2008-07-22,19.6,20.700001,19.35,20.639999,17.408159,14135700
2008-07-23,20.780001000000002,21.83,20.48,21.200001,17.880474,14972300
2008-07-24,21.25,21.4,20.27,20.389999,17.1973,8965200
2008-07-25,20.4,20.84,19.879998999999998,19.98,16.851507,8408700
2008-07-28,19.9,20.24,19.459999,19.639999,16.564737,8892700
2008-07-29,19.75,20.809998999999998,19.67,20.719998999999998,17.475634,10183400
2008-07-30,20.809998999999998,21.200001,20.030001000000002,20.51,17.298515,10742000
2008-07-31,20.35,21.07,20.25,20.32,17.13826,10520400
2008-08-01,20.440001000000002,20.690001000000002,19.969998999999998,20.299999,17.121391,9690200
2008-08-04,20.23,20.73,19.99,20.440001000000002,17.239476999999997,8082500
2008-08-05,20.690001000000002,21.5,20.540001,21.450001,18.091322,10186200
2008-08-06,21.389999,21.389999,20.959999,21.24,17.914210999999998,9540800
2008-08-07,21.0,21.219998999999998,20.68,20.940001000000002,17.661184,9259500
2008-08-08,21.129998999999998,22.889999,21.110001,22.780001000000002,19.213078,17824400
2008-08-11,22.68,24.790001,22.43,23.809998999999998,20.081792999999998,31603400
2008-08-12,23.58,24.32,23.52,24.059998999999998,20.292642999999998,22198400
2008-08-13,23.75,24.030001000000002,22.629998999999998,23.08,19.466095000000003,16647500
2008-08-14,22.92,24.280001000000002,22.870001000000002,23.809998999999998,20.081792999999998,13913800
2008-08-15,23.9,24.540001,23.639999,24.5,20.66375,16879200
2008-08-18,25.26,25.469998999999998,24.27,24.540001,20.697491,26769500
2008-08-19,24.309998999999998,24.530001000000002,23.73,23.85,20.115536,15340600
2008-08-20,24.0,24.82,23.860001,24.299999,20.495073,15967700
2008-08-21,23.91,24.66,23.74,24.57,20.722795,11464800
2008-08-22,24.66,24.9,24.5,24.860001,20.967381,10214900
2008-08-25,24.77,24.780001000000002,24.08,24.139999,20.360123,9355600
2008-08-26,24.07,24.629998999999998,23.700001,24.559998999999998,20.714357,8633000
2008-08-27,24.530001000000002,24.889999,24.32,24.6,20.7481,8279800
2008-08-28,24.809998999999998,24.9,24.559998999999998,24.9,21.001117999999998,10481000
2008-08-29,24.870001000000002,24.940001000000002,24.450001,24.639999,20.781837,10102800
2008-09-02,25.280001000000002,26.84,25.280001000000002,26.33,22.207209,27962000
2008-09-03,26.209999,27.09,26.09,26.709999,22.527707999999997,21026900
2008-09-04,26.530001000000002,26.709999,25.700001,25.77,21.7349,18955600
2008-09-05,25.24,25.870001000000002,24.790001,25.75,21.718021,21755900
2008-09-08,27.0,28.49,26.809998999999998,27.360001,23.075928,37274100
2008-09-09,27.129998999999998,27.370001000000002,25.639999,25.65,21.633682,24022300
2008-09-10,25.83,26.1,25.0,25.23,21.279448000000002,24405100
2008-09-11,24.84,25.379998999999998,24.65,25.280001000000002,21.321619000000002,30354900
2008-09-12,24.98,25.690001000000002,24.799999,25.42,21.439698999999997,18833800
2008-09-15,24.360001,25.440001000000002,24.26,24.52,20.680622,24314900
2008-09-16,24.07,24.780001000000002,23.809998999999998,24.4,20.579411,22171200
2008-09-17,23.98,24.16,22.43,22.690001000000002,19.137171,25655100
2008-09-18,23.1,24.610001,21.77,24.07,20.301085999999998,34474100
2008-09-19,25.809998999999998,27.389999,24.969998999999998,25.530001000000002,21.532475,36762900
2008-09-22,25.290001,25.370001000000002,23.610001,23.790001,20.064932000000002,15048600
2008-09-23,23.84,24.33,23.5,23.620001000000002,19.921551,15102000
2008-09-24,23.809998999999998,24.1,23.25,23.67,19.963718,14884100
2008-09-25,23.969998999999998,24.23,23.559998999999998,23.879998999999998,20.140835,16255200
2008-09-26,23.379998999999998,24.52,23.25,24.459999,20.630016,12369600
2008-09-29,23.959999,24.440001000000002,22.09,22.959999,19.364887,22208500
2008-09-30,23.57,24.190001000000002,23.049999,23.690001000000002,19.980589000000002,21517700
2008-10-01,23.41,23.629998999999998,22.68,23.23,19.592619,19759500
2008-10-02,23.030001000000002,23.33,22.370001000000002,22.43,18.917877,13600100
2008-10-03,22.969998999999998,22.98,21.35,21.52,18.150362,19581700
2008-10-06,20.879998999999998,21.1,19.76,20.700001,17.458765,24859200
2008-10-07,21.030001000000002,21.209999,19.469998999999998,19.530001000000002,16.471964,22088400
2008-10-08,18.870001000000002,20.32,18.66,19.120001000000002,16.126162,33543900
2008-10-09,19.700001,19.82,18.0,18.25,15.392392000000001,26916600
2008-10-10,17.209999,18.99,15.76,17.9,15.09719,38277000
2008-10-13,18.9,20.27,18.450001,20.0,16.868376,23294100
2008-10-14,21.030001000000002,21.040001,18.57,19.17,16.168326999999998,20014400
2008-10-15,18.76,19.280001000000002,18.0,18.139999,15.367752,24050800
2008-10-16,18.15,18.6,16.879998999999998,18.35,15.545662,27174900
2008-10-17,18.01,19.809998999999998,17.870001000000002,19.309998999999998,16.358944,22682800
2008-10-20,19.129998999999998,19.84,19.08,19.75,16.731704999999998,15576200
2008-10-21,19.389999,20.27,19.1,19.219998999999998,16.282707000000002,12725600
2008-10-22,18.73,18.98,17.75,18.360001,15.554132999999998,18703900
2008-10-23,18.49,18.75,17.16,18.110001,15.342339,18508900
2008-10-24,17.0,17.950001,16.950001,17.200001,14.571411999999999,19019900
2008-10-27,16.92,17.879998999999998,16.809998999999998,16.85,14.2749,13970300
2008-10-28,17.34,19.629998999999998,16.74,19.629998999999998,16.630049,25953300
2008-10-29,19.26,20.639999,18.73,19.360001,16.401304,23886500
2008-10-30,20.110001,20.4,19.6,20.08,17.011269,16882700
2008-10-31,19.860001,22.290001,19.6,21.700001,18.383694000000002,20950000
2008-11-03,21.58,21.75,20.48,20.690001000000002,17.528049,13011500
2008-11-04,21.17,21.790001,20.440001000000002,21.620001000000002,18.315916,15233600
2008-11-05,21.24,21.42,20.389999,20.51,17.375559,16283000
2008-11-06,20.25,20.93,18.889999,19.1,16.18104,18155600
2008-11-07,19.219998999999998,20.030001000000002,18.940001000000002,19.66,16.655457000000002,11447800
2008-11-10,20.049999,20.33,19.110001,19.42,16.452139000000003,8493600
2008-11-11,19.08,19.790001,18.5,19.049999,16.138687,11290600
2008-11-12,18.32,18.83,18.25,18.35,15.545662,13523400
2008-11-13,18.51,19.85,17.639999,19.73,16.714758,24406900
2008-11-14,19.24,20.120001000000002,18.139999,18.23,15.443998,17799100
2008-11-17,17.9,20.0,17.82,18.99,16.087851,29420700
2008-11-18,19.15,19.49,18.0,19.1,16.18104,21179300
2008-11-19,18.969998999999998,19.459999,18.0,18.040001,15.283032999999998,18580200
2008-11-20,17.76,18.48,16.610001,16.82,14.249481,21592200
2008-11-21,17.200001,17.25,15.85,17.15,14.529046,21780800
2008-11-24,17.52,20.01,16.879998999999998,19.459999,16.486025,21937400
2008-11-25,19.889999,20.74,19.540001,20.51,17.375559,21509000
2008-11-26,19.93,22.0,19.83,21.26,18.010939,18044200
2008-11-28,21.1,21.219998999999998,20.389999,20.66,17.502634,6489300
2008-12-01,20.129998999999998,20.66,18.889999,19.0,16.096321,16095100
2008-12-02,19.35,19.799999,18.459999,19.75,16.731704999999998,13832400
2008-12-03,19.25,21.530001000000002,19.1,21.26,18.010939,23755600
2008-12-04,20.860001,22.940001000000002,20.75,21.48,18.197315,31170400
2008-12-05,21.200001,22.709999,20.940001000000002,22.34,18.92589,28029100
2008-12-08,22.98,23.73,22.51,22.860001,19.366419,18455000
2008-12-09,22.559998999999998,23.450001,21.76,22.09,18.714095999999998,26274500
2008-12-10,22.209999,23.129998999999998,21.82,22.790001,19.307116,14080500
2008-12-11,22.58,22.58,21.32,21.52,18.231205,17094800
2008-12-12,21.1,22.309998999999998,20.75,21.99,18.629376999999998,15673800
2008-12-15,22.059998999999998,22.5,21.549999,21.940001000000002,18.587023000000002,11851800
2008-12-16,22.08,22.709999,21.559998999999998,22.540001,19.095323999999998,18074000
2008-12-17,22.42,23.33,22.01,22.98,19.468079,19017000
2008-12-18,22.98,23.450001,22.35,22.700001,19.230869000000002,21609000
2008-12-19,22.82,23.0,21.639999,22.540001,19.095323999999998,24687800
2008-12-22,22.18,22.26,20.82,21.35,18.087183,13653600
2008-12-23,21.43,21.719998999999998,20.969998999999998,21.110001,17.883867000000002,8587400
2008-12-24,21.18,21.58,21.059998999999998,21.24,17.993996,3290200
2008-12-26,21.35,21.690001000000002,20.92,21.129998999999998,17.900805,3388700
2008-12-29,20.98,21.34,20.84,21.25,18.002472,5157300
2008-12-30,21.23,21.59,21.16,21.52,18.231205,7077900
2008-12-31,21.49,22.02,21.43,21.52,18.231205,10909300
2009-01-02,21.5,22.73,21.5,22.639999,19.180044,8291400
2009-01-05,22.42,23.02,22.35,22.959999,19.451134,10745300
2009-01-06,23.17,23.17,22.5,22.959999,19.451134,13041500
2009-01-07,22.34,22.559998999999998,21.99,22.129998999999998,18.74798,12310800
2009-01-08,22.059998999999998,22.139999,21.48,21.950001,18.595489999999998,10044700
2009-01-09,21.9,22.0,21.0,21.190001000000002,17.951629999999998,11593600
2009-01-12,21.129998999999998,21.290001,20.030001000000002,20.23,17.138348,13070100
2009-01-13,20.219998999999998,20.559998999999998,19.969998999999998,20.299999,17.197647,12422900
2009-01-14,19.959999,19.959999,19.41,19.559998999999998,16.640415,11116200
2009-01-15,19.57,20.719998999999998,19.57,20.540001,17.474138,16442200
2009-01-16,20.9,21.15,20.370001000000002,21.040001,17.899507999999997,15466600
2009-01-20,20.52,21.1,19.790001,19.870001000000002,16.90415,10481400
2009-01-21,20.0,20.309998999999998,19.559998999999998,20.25,17.227427,13372400
2009-01-22,19.83,20.690001000000002,19.719998999999998,20.290001,17.261460999999997,16104100
2009-01-23,19.59,20.32,19.59,20.049999,17.057278,13104000
2009-01-26,20.34,20.940001000000002,20.200001,20.65,17.567722,15559600
2009-01-27,20.73,20.799999,19.639999,19.940001000000002,16.963704999999997,14432600
2009-01-28,20.370001000000002,20.43,19.76,19.940001000000002,16.963704999999997,19012300
2009-01-29,19.58,20.0,19.25,19.370001000000002,16.478783,10802000
2009-01-30,19.52,19.75,18.15,18.27,15.542968,21416100
2009-02-02,18.0,18.709999,18.0,18.41,15.662068,14190500
2009-02-03,18.42,19.07,18.08,18.940001000000002,16.112959,10205600
2009-02-04,19.0,19.15,18.35,18.41,15.662068,11131800
2009-02-05,18.389999,19.049999,18.16,18.83,16.019381,19068700
2009-02-06,18.85,19.41,18.85,19.24,16.368177,34763400
2009-02-09,19.200001,19.440001000000002,18.639999,19.01,16.172514000000003,12039300
2009-02-10,18.950001,19.040001,18.01,18.190001000000002,15.474905999999999,17339400
2009-02-11,18.25,18.51,17.85,18.27,15.542968,16091800
2009-02-12,17.969998999999998,18.59,17.610001,18.530001000000002,15.764153,17330100
2009-02-13,18.459999,18.65,17.75,17.799999,15.143117000000002,15112700
2009-02-17,17.41,17.52,17.01,17.07,14.522085,21876700
2009-02-18,17.17,17.299999,16.790001,16.889999,14.368953,18041800
2009-02-19,17.09,17.25,16.940001000000002,16.98,14.445514999999999,23179400
2009-02-20,16.299999,16.84,15.55,15.86,13.492691,33059200
2009-02-23,16.08,16.1,14.96,15.09,12.837622999999999,15900400
2009-02-24,15.21,15.73,14.91,15.61,13.280005,31154300
2009-02-25,15.55,15.84,15.09,15.37,13.075827,29620800
2009-02-26,15.59,16.309998999999998,15.42,15.92,13.543735,23838200
2009-02-27,15.56,16.299999,15.51,15.84,13.475675,16534500
2009-03-02,15.46,15.9,14.64,14.7,12.505835000000001,23504400
2009-03-03,14.9,15.09,13.97,14.14,12.029422,27017200
2009-03-04,14.31,14.36,13.92,14.16,12.046438,19524400
2009-03-05,13.96,14.18,13.22,13.42,11.416893,20190800
2009-03-06,13.79,13.83,13.16,13.39,11.39137,21445500
2009-03-09,13.2,14.16,13.0,13.68,11.638083,23701400
2009-03-10,13.88,14.92,13.81,14.63,12.446285000000001,21876500
2009-03-11,14.9,15.33,14.67,15.1,12.846132,18428600
2009-03-12,15.13,15.69,14.81,15.61,13.280005,14599400
2009-03-13,15.88,15.91,15.2,15.89,13.518210999999999,15448100
2009-03-16,16.01,16.24,15.42,15.46,13.152397,13898000
2009-03-17,15.74,16.440001000000002,15.53,16.42,13.969103,17099900
2009-03-18,16.33,17.5,16.030001000000002,17.190001000000002,14.624170000000001,24934900
2009-03-19,17.17,17.92,17.129998999999998,17.610001,14.981481,28590400
2009-03-20,17.709999,17.74,16.68,17.030001000000002,14.488054,18408900
2009-03-23,17.34,18.07,16.98,18.059998999999998,15.364312,18090600
2009-03-24,17.860001,18.389999,17.84,17.85,15.185657999999998,16428100
2009-03-25,18.040001,19.040001,17.9,18.459999,15.704607000000001,25688700
2009-03-26,18.68,19.469998999999998,18.629998999999998,19.120001000000002,16.266088,22291400
2009-03-27,18.870001000000002,19.190001000000002,18.5,18.809998999999998,16.002363,14002800
2009-03-30,18.35,18.6,17.950001,18.450001,15.696097,14489200
2009-03-31,18.379998999999998,18.5,17.690001000000002,18.25,15.525951999999998,17600100
2009-04-01,17.93,18.610001,17.65,18.48,15.721622,13866100
2009-04-02,18.76,19.92,18.76,19.34,16.453255,18957400
2009-04-03,19.290001,19.530001000000002,18.9,19.120001000000002,16.266088,13409800
2009-04-06,18.959999,19.530001000000002,18.84,19.4,16.504299,15069900
2009-04-07,19.08,19.200001,18.469998999999998,18.610001,15.832216,11167100
2009-04-08,18.85,19.450001,18.85,19.450001,16.546833,14365900
2009-04-09,19.870001000000002,20.620001000000002,19.68,20.32,17.286976,24146800
2009-04-13,20.120001000000002,20.43,20.0,20.280001000000002,17.252951,10816600
2009-04-14,19.940001000000002,20.15,19.610001,19.83,16.870113,12342200
2009-04-15,19.780001000000002,19.780001000000002,19.17,19.43,16.600981,18364400
2009-04-16,19.52,20.25,19.24,20.129998999999998,17.199054999999998,18205800
2009-04-17,20.42,20.870001000000002,20.34,20.73,17.711699,18530800
2009-04-20,20.33,20.49,19.66,19.719998999999998,16.848757,11385500
2009-04-21,19.700001,20.620001000000002,19.440001000000002,20.549999,17.557901,19864300
2009-04-22,20.23,21.83,20.23,20.9,17.856942999999998,27124300
2009-04-23,20.84,21.219998999999998,20.030001000000002,20.370001000000002,17.404118,17797600
2009-04-24,20.5,21.4,20.35,21.09,18.019281,15033500
2009-04-27,20.959999,21.129998999999998,20.49,20.809998999999998,17.780045,10957200
2009-04-28,20.59,21.41,20.440001000000002,21.16,18.079094,12700300
2009-04-29,21.35,21.940001000000002,21.09,21.26,18.16453,14829500
2009-04-30,21.440001000000002,22.09,20.75,21.5,18.369587,13037000
2009-05-01,21.540001,21.75,20.6,20.85,17.814222,11433800
2009-05-04,21.1,21.35,20.76,21.02,17.959476000000002,16369500
2009-05-05,20.969998999999998,21.110001,20.799999,21.02,17.959476000000002,9022600
2009-05-06,21.1,21.18,20.24,20.85,17.814222,12073300
2009-05-07,21.1,21.120001000000002,20.209999,20.370001000000002,17.404118,17030300
2009-05-08,20.299999,20.5,19.309998999999998,19.799999,16.917105,26317600
2009-05-11,19.120001000000002,19.32,18.969998999999998,19.030001000000002,16.259216000000002,20261100
2009-05-12,19.15,19.34,18.77,19.23,16.430103,15708400
2009-05-13,18.99,19.129998999999998,18.57,18.92,16.165232,17210800
2009-05-14,18.92,19.459999,18.82,18.870001000000002,16.122517000000002,16321000
2009-05-15,18.99,19.110001,18.299999,18.450001,15.763668,22605000
2009-05-18,20.309998999999998,20.65,19.190001000000002,19.940001000000002,17.036722,54292900
2009-05-19,19.83,20.389999,19.48,20.049999,17.130703,26381600
2009-05-20,20.26,20.639999,19.52,19.719998999999998,16.848757,20882300
2009-05-21,19.4,19.780001000000002,19.049999,19.299999,16.489904,14419300
2009-05-22,19.360001,19.639999,19.09,19.370001000000002,16.549720999999998,11265400
2009-05-26,19.190001000000002,20.379998999999998,19.190001000000002,20.040001,17.12216,15964600
2009-05-27,20.280001000000002,20.32,19.530001000000002,19.629998999999998,16.771864,12935100
2009-05-28,19.82,19.93,18.76,19.02,16.250675,19222400
2009-05-29,19.190001000000002,19.34,18.58,19.01,16.242136,18123500
2009-06-01,19.23,20.360001,19.23,20.18,17.241781,17693200
2009-06-02,20.08,20.76,19.809998999999998,20.59,17.592083,12236900
2009-06-03,20.360001,20.67,20.030001000000002,20.299999,17.344307,11302000
2009-06-04,20.32,20.4,19.65,20.09,17.164879,10345400
2009-06-05,20.34,20.41,19.709999,20.040001,17.12216,11059500
2009-06-08,20.07,20.370001000000002,19.629998999999998,20.110001,17.181971,11315700
2009-06-09,20.16,20.709999,20.09,20.459999,17.481012,16328000
2009-06-10,20.93,20.99,20.08,20.370001000000002,17.404118,14603000
2009-06-11,20.35,20.540001,19.91,19.950001,17.045267000000003,13325200
2009-06-12,19.860001,19.93,19.540001,19.85,16.959833,11532300
2009-06-15,19.66,19.76,19.5,19.66,16.797493,9750800
2009-06-16,19.790001,19.85,19.030001000000002,19.1,16.319029,12527900
2009-06-17,19.02,19.370001000000002,18.549999,19.02,16.250675,19347700
2009-06-18,19.049999,19.129998999999998,18.4,18.41,15.729491000000001,19927800
2009-06-19,18.549999,18.959999,18.530001000000002,18.780001000000002,16.04562,16475000
2009-06-22,18.6,19.030001000000002,18.030001000000002,18.66,15.943094,13926500
2009-06-23,18.690001000000002,18.74,18.190001000000002,18.309998999999998,15.644051999999999,11995600
2009-06-24,18.41,18.549999,18.02,18.18,15.532981,17091100
2009-06-25,18.139999,19.01,18.120001000000002,18.870001000000002,16.122517000000002,13558100
2009-06-26,18.83,19.620001000000002,18.76,19.219998999999998,16.421554999999998,20434100
2009-06-29,19.33,19.75,19.18,19.469998999999998,16.635151,12944500
2009-06-30,19.440001000000002,19.65,19.02,19.41,16.583893,11183400
2009-07-01,19.48,19.73,19.34,19.51,16.669334,8192800
2009-07-02,19.25,19.43,18.51,18.620001000000002,15.908919000000001,13313900
2009-07-06,18.6,19.049999,18.52,18.870001000000002,16.122517000000002,11814500
2009-07-07,18.860001,18.879998999999998,18.57,18.629998999999998,15.917461,9649000
2009-07-08,18.68,18.950001,18.43,18.85,16.105431,21406200
2009-07-09,18.98,19.1,18.620001000000002,18.950001,16.190868,11440000
2009-07-10,18.799999,19.08,18.700001,18.85,16.105431,8945000
2009-07-13,18.84,19.309998999999998,18.690001000000002,19.26,16.455732,15193800
2009-07-14,19.25,19.639999,19.120001000000002,19.57,16.720594000000002,10000500
2009-07-15,19.68,20.059998999999998,19.459999,20.030001000000002,17.192686,10369500
2009-07-16,19.950001,20.190001000000002,19.65,20.1,17.252771,10552000
2009-07-17,20.129998999999998,20.559998999999998,20.1,20.42,17.527441,15579700
2009-07-20,20.49,20.76,20.4,20.75,17.810692,8550800
2009-07-21,20.77,20.85,20.219998999999998,20.559998999999998,17.647614,9460300
2009-07-22,20.450001,20.969998999999998,20.41,20.75,17.810692,9107500
2009-07-23,20.75,21.9,20.549999,21.65,18.583206,17840900
2009-07-24,21.5,22.059998999999998,21.35,22.0,18.883625,10519500
2009-07-27,21.719998999999998,22.0,21.02,21.280001000000002,18.265615,12478600
2009-07-28,21.18,21.639999,21.09,21.610001,18.548873999999998,7585000
2009-07-29,21.51,22.0,21.4,21.639999,18.574625,7103900
2009-07-30,21.74,22.57,21.74,22.15,19.012379,11685900
2009-07-31,22.139999,22.68,22.1,22.459999,19.278463000000002,10292000
2009-08-03,22.709999,22.799999,22.309998999999998,22.74,19.518808,9872800
2009-08-04,22.700001,22.950001,22.52,22.610001,19.407225,12678600
2009-08-05,22.620001000000002,22.84,22.24,22.469998999999998,19.287048000000002,9297700
2009-08-06,22.540001,23.0,22.41,22.73,19.510223,9711900
2009-08-07,22.9,24.09,22.809998999999998,23.85,20.471571,12829500
2009-08-10,23.73,23.75,23.0,23.33,20.025229,10188500
2009-08-11,23.309998999999998,23.450001,22.99,23.26,19.965141,8601300
2009-08-12,23.23,23.48,22.73,22.85,19.613229999999998,15725100
2009-08-13,22.93,23.360001,22.43,23.309998999999998,20.008062,13547600
2009-08-14,23.280001000000002,23.41,22.57,22.83,19.596056,11454100
2009-08-17,20.43,22.290001,20.25,20.469998999999998,17.570354000000002,41075300
2009-08-18,20.629998999999998,20.67,19.870001000000002,19.99,17.158358,41510400
2009-08-19,19.84,20.27,19.690001000000002,20.219998999999998,17.355772,30199500
2009-08-20,20.27,20.469998999999998,20.139999,20.389999,17.501692000000002,18285000
2009-08-21,20.52,21.219998999999998,20.48,21.16,18.162613,18461600
2009-08-24,21.17,21.42,20.66,20.719998999999998,17.784945,13778600
2009-08-25,21.129998999999998,21.24,20.809998999999998,21.07,18.085369,35281800
2009-08-26,20.940001000000002,21.959999,20.91,21.59,18.531704,17144800
2009-08-27,21.66,21.9,21.360001,21.700001,18.626127,12831100
2009-08-28,21.809998999999998,21.950001,21.34,21.700001,18.626127,10567900
2009-08-31,21.549999,21.610001,21.27,21.5,18.45446,8610800
2009-09-01,21.26,21.610001,20.66,20.860001,17.905117,15016400
2009-09-02,20.809998999999998,20.959999,20.549999,20.860001,17.905117,10583400
2009-09-03,20.870001000000002,21.32,20.799999,21.309998999999998,18.29137,9293300
2009-09-04,21.370001000000002,21.65,21.23,21.620001000000002,18.557453,8820600
2009-09-08,21.889999,21.93,21.66,21.77,18.686211,11099200
2009-09-09,21.76,21.82,21.540001,21.719998999999998,18.643291,10432100
2009-09-10,21.780001000000002,21.940001000000002,21.629998999999998,21.860001,18.763466,9882000
2009-09-11,21.93,21.950001,21.34,21.43,18.394375,10675400
2009-09-14,21.26,21.459999,21.1,21.360001,18.334288,8143500
2009-09-15,21.450001,21.52,20.879998999999998,21.209999,18.205538,17213100
2009-09-16,21.32,21.74,21.25,21.6,18.540289,12479800
2009-09-17,21.690001000000002,21.969998999999998,21.5,21.66,18.591791,13622400
2009-09-18,21.74,22.059998999999998,21.719998999999998,21.969998999999998,18.857882,13641800
2009-09-21,21.84,22.370001000000002,21.6,21.950001,18.840715,13044800
2009-09-22,21.709999,21.82,20.93,21.07,18.085369,23918700
2009-09-23,21.43,22.059998999999998,21.25,21.530001000000002,18.480202,23684800
2009-09-24,21.6,21.74,21.32,21.389999,18.360039,16353700
2009-09-25,21.09,21.219998999999998,20.889999,21.049999,18.068197,14175000
2009-09-28,21.110001,21.48,21.049999,21.25,18.239874,8242900
2009-09-29,21.26,21.49,21.17,21.209999,18.205538,8732400
2009-09-30,21.290001,21.35,20.76,20.940001000000002,17.973785,12404200
2009-10-01,21.049999,21.049999,20.360001,20.360001,17.475939,17532200
2009-10-02,20.1,20.209999,19.940001000000002,20.030001000000002,17.192686,19365900
2009-10-05,20.26,20.57,20.07,20.459999,17.561777,15603200
2009-10-06,20.65,20.870001000000002,20.360001,20.68,17.750612,18792400
2009-10-07,20.59,20.73,20.15,20.200001,17.33861,15144200
2009-10-08,20.700001,20.950001,20.5,20.780001000000002,17.836443,15740400
2009-10-09,20.77,20.950001,20.52,20.940001000000002,17.973785,17089300
2009-10-12,21.049999,21.35,20.959999,21.01,18.033867,10092500
2009-10-13,21.02,21.549999,20.84,21.450001,18.411539,18071500
2009-10-14,21.66,21.99,21.66,21.73,18.730465,17717900
2009-10-15,21.65,21.75,21.33,21.65,18.661507,11666900
2009-10-16,21.530001000000002,21.549999,21.15,21.360001,18.411539,11405400
2009-10-19,21.360001,21.809998999999998,21.33,21.76,18.756321,11391800
2009-10-20,21.73,21.9,21.33,21.389999,18.437397,10759100
2009-10-21,21.34,21.690001000000002,20.76,20.76,17.894361,28537400
2009-10-22,20.77,21.23,20.5,21.17,18.247768,18710400
2009-10-23,21.17,21.309998999999998,20.65,20.709999,17.851263,17631300
2009-10-26,20.74,20.940001000000002,20.280001000000002,20.34,17.532335,16922100
2009-10-27,20.360001,20.42,19.879998999999998,19.93,17.178929999999998,21423700
2009-10-28,19.99,20.07,19.49,19.5,16.808289000000002,17836400
2009-10-29,19.799999,20.1,19.530001000000002,19.98,17.222036,14692500
2009-10-30,20.0,20.1,19.459999,19.57,16.868622,19405200
2009-11-02,19.6,20.0,19.34,19.58,16.877241,12994800
2009-11-03,19.530001000000002,19.799999,19.15,19.450001,16.765188000000002,17817600
2009-11-04,19.530001000000002,19.9,19.34,19.51,16.816902,14021600
2009-11-05,19.639999,20.190001000000002,19.620001000000002,20.07,17.299608,12327900
2009-11-06,20.219998999999998,21.059998999999998,20.219998999999998,20.940001000000002,18.049511,27174300
2009-11-09,21.030001000000002,21.299999,20.889999,21.25,18.316725,14602000
2009-11-10,21.200001,21.49,20.940001000000002,21.01,18.109856,15444200
2009-11-11,21.190001000000002,21.459999,21.01,21.299999,18.359821,19021100
2009-11-12,21.25,21.690001000000002,21.25,21.469998999999998,18.506357,17345600
2009-11-13,21.620001000000002,21.93,21.4,21.85,18.833902,17585200
2009-11-16,21.879998999999998,22.23,21.59,21.74,18.739088,25807100
2009-11-17,21.6,21.690001000000002,20.9,21.48,18.514971,15744700
2009-11-18,21.35,21.719998999999998,21.25,21.59,18.609785000000002,13487800
2009-11-19,21.49,21.6,21.16,21.49,18.523595999999998,13200300
2009-11-20,21.389999,21.610001,21.15,21.35,18.402924,12593900
2009-11-23,21.469998999999998,22.030001000000002,21.469998999999998,21.879998999999998,18.85976,16228100
2009-11-24,21.950001,22.1,21.84,22.01,18.971809,13404400
2009-11-25,22.040001,22.24,21.91,22.15,19.092489,7700900
2009-11-27,21.57,22.200001,21.450001,21.959999,18.928715,5806900
2009-11-30,21.950001,22.139999,21.549999,21.809998999999998,18.799417000000002,10674000
2009-12-01,22.09,22.690001000000002,22.02,22.58,19.463137,17239500
2009-12-02,22.459999,22.799999,22.450001,22.65,19.523474,11129800
2009-12-03,22.700001,22.73,22.370001000000002,22.48,19.376934,11753300
2009-12-04,22.76,23.15,22.610001,22.879998999999998,19.721718,13239800
2009-12-07,22.83,23.0,22.639999,22.780001000000002,19.635527,9302900
2009-12-08,22.58,22.790001,22.309998999999998,22.709999,19.575182,12111900
2009-12-09,22.91,22.91,22.530001000000002,22.809998999999998,19.661381,11442600
2009-12-10,22.799999,23.27,22.799999,23.09,19.902739999999998,11644600
2009-12-11,23.26,23.9,23.15,23.879998999999998,20.583689,19077500
2009-12-14,23.959999,24.26,23.959999,24.17,20.833658,18617400
2009-12-15,23.950001,24.08,23.85,24.0,20.68712,13216900
2009-12-16,24.049999,24.219998999999998,23.67,23.690001000000002,20.41992,15213500
2009-12-17,23.51,23.969998999999998,23.51,23.690001000000002,20.41992,13647200
2009-12-18,23.809998999999998,23.809998999999998,23.48,23.620001000000002,20.359575,18193300
2009-12-21,23.690001000000002,24.0,23.67,23.84,20.549210000000002,7558200
2009-12-22,23.9,24.5,23.809998999999998,23.860001,20.566446,17401900
2009-12-23,23.879998999999998,23.950001,23.309998999999998,23.559998999999998,20.307854000000003,14383800
2009-12-24,23.52,23.68,23.469998999999998,23.65,20.385433,3338600
2009-12-28,23.700001,23.85,23.49,23.65,20.385433,5692300
2009-12-29,23.709999,23.74,23.52,23.610001,20.350958,4503100
2009-12-30,23.469998999999998,23.690001000000002,23.389999,23.530001000000002,20.282001,4635300
2009-12-31,23.51,23.6,23.360001,23.389999,20.161325,5132800
2010-01-04,23.51,23.59,23.139999,23.16,19.963070000000002,9616700
2010-01-05,23.120001000000002,23.129998999999998,22.74,22.92,19.756207,14428400
2010-01-06,22.84,23.17,22.75,22.98,19.807919000000002,12448200
2010-01-07,23.24,23.809998999999998,23.07,23.639999,20.376816,16572300
2010-01-08,23.51,23.639999,23.25,23.59,20.333721,8668900
2010-01-11,23.6,23.610001,23.200001,23.389999,20.161325,7975300
2010-01-12,23.219998999999998,23.469998999999998,23.01,23.33,20.109607999999998,10248100
2010-01-13,23.459999,23.5,23.110001,23.219998999999998,20.014785999999997,10514000
2010-01-14,23.389999,23.42,23.17,23.190001000000002,19.988934,10643500
2010-01-15,23.059998999999998,23.33,23.0,23.129998999999998,20.014889,12862400
2010-01-19,23.07,23.25,22.99,23.110001,19.997585,9619900
2010-01-20,22.940001000000002,23.32,22.709999,22.799999,19.729333999999998,15221200
2010-01-21,22.780001000000002,23.040001,22.549999,22.889999,19.807213,13639900
2010-01-22,22.77,23.389999,22.26,22.309998999999998,19.305328,12236800
2010-01-25,22.459999,22.5,21.98,22.120001000000002,19.140919,13266300
2010-01-26,22.01,22.389999,21.940001000000002,21.959999,19.002470000000002,13760700
2010-01-27,22.0,22.5,21.93,22.120001000000002,19.140919,14136200
2010-01-28,22.219998999999998,22.26,21.780001000000002,21.98,19.019775,15261200
2010-01-29,22.190001000000002,22.25,21.610001,21.65,18.734211,21935300
2010-02-01,21.719998999999998,21.99,21.67,21.99,19.028425,12454300
2010-02-02,21.969998999999998,22.639999,21.57,22.58,19.538963,16244400
2010-02-03,22.34,22.48,21.66,22.110001,19.132265,38815000
2010-02-04,21.889999,22.09,21.57,21.6,18.690948000000002,18434400
2010-02-05,21.59,21.82,21.290001,21.59,18.682297,15147100
2010-02-08,21.76,22.26,21.719998999999998,21.76,18.829401,12352900
2010-02-09,22.02,22.07,21.66,21.84,18.898629999999997,16562900
2010-02-10,21.84,21.889999,21.469998999999998,21.799999,18.864012,9638600
2010-02-11,21.9,22.23,21.620001000000002,22.17,19.184182999999997,12708300
2010-02-12,22.040001,22.190001000000002,21.780001000000002,22.16,19.175531,11256900
2010-02-16,22.290001,22.75,22.219998999999998,22.74,19.677412,8992800
2010-02-17,22.959999,23.18,22.870001000000002,23.049999,19.945669,11773500
2010-02-18,22.98,23.200001,22.809998999999998,23.15,20.032201999999998,8571100
2010-02-19,23.08,23.219998999999998,22.790001,23.129998999999998,20.014889,18888700
2010-02-22,23.43,23.469998999999998,22.879998999999998,23.07,19.962971,25810200
2010-02-23,23.09,23.200001,22.700001,22.809998999999998,19.737988,16679500
2010-02-24,22.83,23.65,22.83,23.639999,20.456204999999997,16583800
2010-02-25,23.110001,23.870001000000002,23.110001,23.82,20.611964999999998,16795100
2010-02-26,23.809998999999998,23.969998999999998,23.700001,23.709999,20.516783,13102300
2010-03-01,23.790001,24.0,23.6,23.98,20.750414000000003,9701600
2010-03-02,23.98,24.0,23.610001,23.690001000000002,20.499466,9887000
2010-03-03,23.690001000000002,23.98,23.530001000000002,23.620001000000002,20.438896,9627100
2010-03-04,23.530001000000002,23.82,23.530001000000002,23.790001,20.586002,10692700
2010-03-05,23.870001000000002,24.15,23.84,24.049999,20.810989000000003,10758900
2010-03-08,24.08,24.129998999999998,23.92,23.950001,20.724457,9528200
2010-03-09,23.889999,24.23,23.85,24.01,20.776377,11145800
2010-03-10,23.98,24.33,23.92,24.290001,21.018663,9675300
2010-03-11,24.25,24.620001000000002,24.15,24.59,21.278254999999998,8535900
2010-03-12,24.77,25.0,24.620001000000002,24.950001,21.589779,16217100
2010-03-15,25.0,25.08,24.77,25.040001,21.667658,8989200
2010-03-16,25.030001000000002,25.25,24.860001,25.049999,21.676311,12994700
2010-03-17,25.139999,25.309998999999998,25.049999,25.16,21.771501999999998,12615600
2010-03-18,25.200001,25.27,24.82,24.9,21.546509,10390100
2010-03-19,24.780001000000002,25.01,24.65,24.780001000000002,21.442678,16328800
2010-03-22,24.65,25.030001000000002,24.629998999999998,24.91,21.555168,12325400
2010-03-23,24.75,24.83,24.459999,24.83,21.485939000000002,12291600
2010-03-24,24.75,24.75,24.35,24.379998999999998,21.09654,9807300
2010-03-25,24.51,24.620001000000002,24.34,24.34,21.06193,12777600
2010-03-26,24.440001000000002,24.59,24.309998999999998,24.48,21.183075,12185400
2010-03-29,24.51,24.620001000000002,24.26,24.309998999999998,21.035973000000002,7946500
2010-03-30,24.389999,24.549999,24.309998999999998,24.34,21.06193,6960400
2010-03-31,24.26,24.34,24.16,24.24,20.975397,9008600
2010-04-01,24.370001000000002,24.620001000000002,24.35,24.540001,21.234997,10097500
2010-04-05,24.6,24.870001000000002,24.530001000000002,24.870001000000002,21.52055,7051800
2010-04-06,24.879998999999998,25.059998999999998,24.73,24.98,21.61574,9998200
2010-04-07,24.93,25.41,24.870001000000002,25.25,21.849377,15400800
2010-04-08,25.18,25.690001000000002,25.129998999999998,25.59,22.143585,13680000
2010-04-09,25.629998999999998,25.67,25.280001000000002,25.629998999999998,22.178198000000002,8599600
2010-04-12,25.59,25.6,25.370001000000002,25.6,22.152241,7762400
2010-04-13,25.43,26.309998999999998,25.43,26.219998999999998,22.688736,17079500
2010-04-14,26.360001,26.629998999999998,26.129998999999998,26.59,23.0089,18419100
2010-04-15,26.540001,26.799999,26.459999,26.66,23.069477,12021600
2010-04-16,26.559998999999998,26.719998999999998,26.120001000000002,26.290001,22.749308,13036500
2010-04-19,26.200001,26.459999,25.92,26.450001,22.966385,10543800
2010-04-20,26.540001,26.98,26.540001,26.620001000000002,23.113989,13457700
2010-04-21,26.700001,26.790001,26.43,26.66,23.148723999999998,9195900
2010-04-22,26.610001,27.700001,26.450001,27.530001000000002,23.904137,16084500
2010-04-23,27.559998999999998,28.25,27.309998999999998,28.219998999999998,24.503262,18839200
2010-04-26,28.139999,28.540001,28.120001000000002,28.16,24.451166,18536500
2010-04-27,28.08,28.08,26.92,27.0,23.443941,23812600
2010-04-28,27.280001000000002,27.549999,26.75,27.030001000000002,23.46999,14724000
2010-04-29,27.24,27.59,27.200001,27.4,23.791264,12925500
2010-04-30,27.459999,27.74,27.1,27.120001000000002,23.54814,17271200
2010-05-03,27.290001,27.93,27.1,27.74,24.086479,10810800
2010-05-04,27.5,27.629998999999998,26.9,26.969998999999998,23.417891,17534400
2010-05-05,26.74,27.17,25.75,26.65,23.140039,19311300
2010-05-06,26.49,26.76,24.139999,25.52,22.158873,19162800
2010-05-07,25.530001000000002,25.959999,24.780001000000002,25.309998999999998,21.976523999999998,22869200
2010-05-10,26.639999,26.93,26.34,26.700001,23.183453,17308800
2010-05-11,26.57,27.26,26.43,27.1,23.530767,18227400
2010-05-12,27.219998999999998,27.41,26.74,27.059998999999998,23.49604,16967500
2010-05-13,27.08,27.110001,26.16,26.25,22.792721,15105500
2010-05-14,26.059998999999998,26.33,25.780001000000002,26.07,22.636429,16935900
2010-05-17,25.77,25.9,24.58,25.26,21.933113,40981500
2010-05-18,25.17,25.25,24.299999,24.700001,21.446869,26834500
2010-05-19,24.530001000000002,24.99,24.35,24.82,21.551067,19058900
2010-05-20,24.32,24.379998999999998,23.610001,23.700001,20.578571,25295300
2010-05-21,23.370001000000002,24.309998999999998,23.09,24.200001,21.012722,22426500
2010-05-24,24.17,24.549999,23.98,24.18,20.995354000000003,14303800
2010-05-25,23.59,24.43,23.530001000000002,24.42,21.203747,18928700
2010-05-26,24.76,24.950001,24.25,24.34,21.134279,20492300
2010-05-27,24.68,25.15,24.459999,25.120001000000002,21.811548000000002,13537400
2010-05-28,25.389999,25.389999,24.58,24.75,21.490282,11274000
2010-06-01,24.58,24.889999,24.290001,24.290001,21.090866000000002,10536700
2010-06-02,24.35,24.440001000000002,24.059998999999998,24.43,21.212425,16284300
2010-06-03,24.450001,24.700001,24.08,24.440001000000002,21.221106,12868800
2010-06-04,24.049999,24.09,23.4,23.52,20.422283,16140300
2010-06-07,23.610001,23.74,23.32,23.389999,20.309397,16814800
2010-06-08,23.459999,23.5,22.99,23.370001000000002,20.29204,16035200
2010-06-09,23.530001000000002,23.76,23.16,23.280001000000002,20.213886,11686700
2010-06-10,23.57,23.860001,23.4,23.84,20.700129999999998,12304600
2010-06-11,23.59,23.83,23.23,23.48,20.387548000000002,10495800
2010-06-14,23.68,23.91,23.389999,23.450001,20.3615,10096900
2010-06-15,23.65,23.93,23.200001,23.93,20.77828,9964600
2010-06-16,23.67,23.73,22.950001,23.200001,20.144426,18229500
2010-06-17,23.24,23.26,22.360001,22.68,19.692913,22320700
2010-06-18,22.700001,22.969998999999998,22.530001000000002,22.620001000000002,19.64082,30122400
2010-06-21,22.809998999999998,22.98,22.440001000000002,22.51,19.545303,13461300
2010-06-22,22.67,22.73,21.73,21.76,18.894081,20283600
2010-06-23,21.709999,22.120001000000002,21.42,21.85,18.972225,13977400
2010-06-24,21.35,21.629998999999998,21.059998999999998,21.24,18.442564,15902100
2010-06-25,21.209999,21.6,21.120001000000002,21.33,18.520718,21273000
2010-06-28,21.379998999999998,21.49,21.17,21.23,18.433884,8009500
2010-06-29,20.940001000000002,20.98,20.5,20.6,17.886862,16668000
2010-06-30,20.58,20.860001,20.360001,20.42,17.730567999999998,11343100
2010-07-01,20.549999,20.76,20.02,20.41,17.721884,22597500
2010-07-02,20.530001000000002,20.540001,20.01,20.27,17.600325,11921600
2010-07-06,20.440001000000002,20.639999,19.74,19.959999,17.331154,16062300
2010-07-07,20.040001,20.42,19.639999,20.389999,17.704514,18584100
2010-07-08,20.540001,20.639999,20.040001,20.23,17.56559,14387500
2010-07-09,20.219998999999998,20.440001000000002,20.02,20.43,17.739245999999998,19708600
2010-07-12,20.360001,20.5,20.110001,20.360001,17.678469,17236900
2010-07-13,20.549999,21.309998999999998,20.469998999999998,21.16,18.373102,17774900
2010-07-14,21.09,21.09,20.639999,20.870001000000002,18.1213,11120400
2010-07-15,20.889999,20.950001,20.5,20.879998999999998,18.129984,9586200
2010-07-16,20.790001,20.790001,19.99,20.040001,17.400616,14778100
2010-07-19,20.030001000000002,20.059998999999998,19.75,19.93,17.400614,8218900
2010-07-20,19.709999,20.42,19.639999,20.33,17.749845999999998,11511000
2010-07-21,20.4,20.41,19.860001,19.98,17.444271,10141500
2010-07-22,20.200001,20.93,20.17,20.83,18.186394,13812300
2010-07-23,20.76,21.139999,20.59,21.110001,18.430857,12254300
2010-07-26,21.23,21.82,21.08,21.799999,19.033286999999998,12603400
2010-07-27,21.950001,21.99,21.040001,21.15,18.465784,14993100
2010-07-28,21.08,21.309998999999998,20.57,20.700001,18.072891000000002,11207700
2010-07-29,20.98,21.01,20.129998999999998,20.48,17.880814,14500600
2010-07-30,20.309998999999998,20.809998999999998,20.190001000000002,20.74,18.107813,11694200
2010-08-02,21.07,21.4,20.809998999999998,21.33,18.622938,9355800
2010-08-03,21.219998999999998,21.280001000000002,20.65,20.74,18.107813,11929000
2010-08-04,20.92,21.129998999999998,20.809998999999998,20.809998999999998,18.168932,11262100
2010-08-05,20.719998999999998,20.940001000000002,20.469998999999998,20.74,18.107813,10953600
2010-08-06,20.52,20.620001000000002,20.200001,20.280001000000002,17.7062,15673200
2010-08-09,20.389999,20.459999,20.290001,20.309998999999998,17.732384,10990000
2010-08-10,20.16,20.190001000000002,19.82,19.92,17.391884,13426500
2010-08-11,19.73,19.92,19.35,19.809998999999998,17.295837,19107200
2010-08-12,19.620001000000002,19.83,19.450001,19.74,17.23473,9941000
2010-08-13,19.620001000000002,20.059998999999998,19.549999,19.59,17.103771,13805000
2010-08-16,20.08,20.370001000000002,19.58,19.700001,17.1998,25994300
2010-08-17,20.02,20.34,19.780001000000002,19.99,17.452999,18203600
2010-08-18,20.040001,20.809998999999998,20.02,20.790001,18.151474,19607100
2010-08-19,20.620001000000002,20.85,20.129998999999998,20.4,17.810966,17823900
2010-08-20,20.27,20.719998999999998,20.18,20.639999,18.02051,12040200
2010-08-23,20.940001000000002,21.0,20.23,20.23,17.66254,20860700
2010-08-24,19.98,20.43,19.780001000000002,20.219998999999998,17.653805,22442200
2010-08-25,20.059998999999998,20.83,20.049999,20.709999,18.081617,19268100
2010-08-26,20.9,20.98,20.639999,20.65,18.029238,15372200
2010-08-27,20.77,21.15,20.52,21.1,18.422129,17964900
2010-08-30,21.040001,21.049999,20.450001,20.459999,17.863348000000002,13174400
2010-08-31,20.35,20.74,20.25,20.280001000000002,17.7062,16637800
2010-09-01,20.48,21.290001,20.469998999999998,21.24,18.544357,13041400
2010-09-02,21.33,22.1,21.280001000000002,21.940001000000002,19.155521,18434900
2010-09-03,22.309998999999998,22.5,21.74,21.959999,19.172979,11768700
2010-09-07,21.809998999999998,21.85,21.469998999999998,21.530001000000002,18.797556,8348200
2010-09-08,21.48,21.700001,21.440001000000002,21.540001,18.806283999999998,8348400
2010-09-09,21.719998999999998,21.84,21.5,21.57,18.832478,7083500
2010-09-10,21.57,21.809998999999998,21.5,21.52,18.788822,6703000
2010-09-13,21.68,21.969998999999998,21.58,21.709999,18.954710000000002,6542500
2010-09-14,21.68,21.780001000000002,21.440001000000002,21.530001000000002,18.797556,9771800
2010-09-15,21.42,21.540001,21.190001000000002,21.48,18.753901000000003,8163900
2010-09-16,21.34,21.469998999999998,21.129998999999998,21.309998999999998,18.605478,8565100
2010-09-17,21.4,21.469998999999998,20.959999,21.02,18.352282000000002,14891700
2010-09-20,21.139999,21.549999,21.08,21.459999,18.736437,11164800
2010-09-21,21.559998999999998,22.0,21.4,21.690001000000002,18.937244,13061200
2010-09-22,21.639999,21.879998999999998,21.559998999999998,21.76,18.998365,10494000
2010-09-23,21.57,21.9,21.450001,21.52,18.788822,8182200
2010-09-24,21.83,22.530001000000002,21.74,22.48,19.626986,12670400
2010-09-27,22.42,22.469998999999998,22.24,22.27,19.443638,7121700
2010-09-28,22.200001,22.48,21.9,22.41,19.565868,11880500
2010-09-29,22.309998999999998,22.6,22.1,22.190001000000002,19.373796,12385400
2010-09-30,22.290001,22.57,22.120001000000002,22.290001,19.4611,11853300
2010-10-01,22.379998999999998,22.700001,22.190001000000002,22.35,19.513485,10985400
2010-10-04,22.26,22.51,21.969998999999998,22.24,19.417442,12470300
2010-10-05,22.4,22.790001,22.299999,22.67,19.792873,11410900
2010-10-06,22.690001000000002,22.74,22.459999,22.67,19.792873,9561900
2010-10-07,22.709999,22.91,22.440001000000002,22.629998999999998,19.757944000000002,11956400
2010-10-08,22.74,22.84,22.58,22.700001,19.819065,13676500
2010-10-11,22.690001000000002,22.83,22.5,22.59,19.723022,5210300
2010-10-12,22.450001,22.5,22.01,22.040001,19.242829999999998,21676600
2010-10-13,22.18,22.200001,21.76,21.889999,19.111866,15558800
2010-10-14,21.969998999999998,22.0,21.5,21.68,18.928518,12710300
2010-10-15,21.799999,21.889999,21.280001000000002,21.559998999999998,18.823746,20615200
2010-10-18,21.34,21.370001000000002,20.879998999999998,21.049999,18.472719,23215100
2010-10-19,20.83,21.41,20.799999,21.049999,18.472719,18267300
2010-10-20,21.09,21.690001000000002,21.0,21.65,18.999252,15242800
2010-10-21,21.77,22.370001000000002,21.709999,22.049999,19.350279,21890300
2010-10-22,22.08,22.08,21.83,22.0,19.30641,7189900
2010-10-25,22.07,22.18,21.83,21.860001,19.183548000000002,7775000
2010-10-26,21.719998999999998,21.98,21.59,21.719998999999998,19.060685999999997,6384000
2010-10-27,21.530001000000002,21.540001,21.18,21.459999,18.832523000000002,14100200
2010-10-28,21.549999,21.6,21.24,21.379998999999998,18.762316000000002,6832200
2010-10-29,21.360001,21.41,21.219998999999998,21.34,18.727210999999997,7759100
2010-11-01,21.309998999999998,21.6,21.09,21.190001000000002,18.595579,9258300
2010-11-02,21.4,22.040001,21.34,21.92,19.236197,11238800
2010-11-03,22.07,22.09,21.610001,21.92,19.236197,8872900
2010-11-04,22.17,22.32,22.040001,22.299999,19.569677,8339500
2010-11-05,22.27,22.469998999999998,22.120001000000002,22.290001,19.560898,8690800
2010-11-08,22.02,22.200001,21.84,22.09,19.385385999999997,7195300
2010-11-09,22.09,22.110001,21.559998999999998,21.65,18.999252,10207200
2010-11-10,21.709999,21.879998999999998,21.549999,21.860001,19.183548000000002,11885300
2010-11-11,21.67,22.299999,21.549999,22.299999,19.569677,12176600
2010-11-12,22.18,22.190001000000002,21.6,21.690001000000002,19.034357,14403800
2010-11-15,21.75,22.48,21.360001,21.459999,18.832523000000002,21399500
2010-11-16,21.440001000000002,22.09,21.34,21.57,18.929052,22655500
2010-11-17,21.59,21.65,21.370001000000002,21.52,18.885176,14166300
2010-11-18,21.74,21.860001,21.59,21.639999,18.990479,10614600
2010-11-19,21.620001000000002,22.15,21.549999,22.09,19.385385999999997,14257900
2010-11-22,22.02,22.4,21.870001000000002,22.33,19.596001,13749900
2010-11-23,22.15,22.18,21.93,22.07,19.367832,11923800
2010-11-24,22.08,22.73,22.08,22.66,19.885597,13171400
2010-11-26,22.469998999999998,22.48,22.24,22.24,19.517025,4467300
2010-11-29,22.15,22.5,21.969998999999998,22.360001,19.622332,11814900
2010-11-30,21.67,22.9,21.66,22.700001,19.920702,20740900
2010-12-01,22.950001,23.76,22.950001,23.75,20.842144,20397200
2010-12-02,23.52,25.040001,23.52,24.92,21.868895000000002,37056700
2010-12-03,24.639999,24.940001000000002,24.43,24.860001,21.816242000000003,18646300
2010-12-06,24.76,24.870001000000002,24.709999,24.82,21.781136,12216800
2010-12-07,24.950001,25.27,24.889999,25.15,22.070732,24580800
2010-12-08,25.09,25.700001,25.059998999999998,25.66,22.518293,18275400
2010-12-09,25.709999,25.799999,24.92,25.18,22.097061,22861200
2010-12-10,25.190001000000002,25.450001,25.17,25.219998999999998,22.132162,15847700
2010-12-13,25.15,25.4,24.959999,25.0,21.939102,15995100
2010-12-14,24.9,25.24,24.860001,25.110001,22.035637,16494300
2010-12-15,25.120001000000002,25.389999,25.040001,25.16,22.079507999999997,15947000
2010-12-16,25.139999,25.5,25.139999,25.450001,22.334003,9729800
2010-12-17,25.5,25.65,25.16,25.17,22.088285,22489800
2010-12-20,25.23,25.719998999999998,25.18,25.559998999999998,22.430532,12928500
2010-12-21,25.66,25.860001,25.65,25.68,22.535845000000002,10857800
2010-12-22,25.66,25.84,25.57,25.67,22.527071,5773300
2010-12-23,25.620001000000002,25.790001,25.4,25.52,22.395432,7362200
2010-12-27,25.389999,25.559998999999998,25.280001000000002,25.48,22.360326999999998,5792100
2010-12-28,25.290001,25.43,25.030001000000002,25.15,22.070732,7131700
2010-12-29,25.1,25.370001000000002,25.02,25.030001000000002,21.965429,5645700
2010-12-30,25.01,25.15,24.940001000000002,24.99,21.930326,5599600
2010-12-31,24.969998999999998,25.120001000000002,24.82,25.08,22.009301999999998,5001000
2011-01-03,25.209999,25.42,25.139999,25.16,22.079507999999997,7423700
2011-01-04,25.23,25.23,24.450001,24.559998999999998,21.552965,11745200
2011-01-05,24.52,24.799999,24.379998999999998,24.68,21.658278,12308700
2011-01-06,24.629998999999998,24.66,24.0,24.129998999999998,21.175615,13235300
2011-01-07,24.209999,24.379998999999998,23.889999,23.99,21.052763,9215400
2011-01-10,23.92,24.379998999999998,23.83,24.309998999999998,21.333582,9647200
2011-01-11,24.469998999999998,24.709999,24.309998999999998,24.389999,21.403791000000002,8830600
2011-01-12,24.459999,24.59,24.35,24.440001000000002,21.447664000000003,7136900
2011-01-13,24.360001,24.67,23.540001,24.549999,21.544193,11305300
2011-01-14,24.309998999999998,25.16,24.27,25.0,22.03784,13379300
2011-01-18,25.049999,25.25,24.91,25.01,22.046656,7933500
2011-01-19,24.93,24.940001000000002,24.26,24.4,21.508934,12044500
2011-01-20,24.469998999999998,25.5,24.459999,25.299999,22.302292,18477200
2011-01-21,25.48,25.49,24.99,25.01,22.046656,11254300
2011-01-24,24.93,25.139999,24.870001000000002,25.07,22.099546,6561600
2011-01-25,25.01,25.58,25.0,25.559998999999998,22.531492,11001000
2011-01-26,25.65,26.27,25.59,25.85,22.787128,18679100
2011-01-27,25.91,26.290001,25.76,26.24,23.130914999999998,12367800
2011-01-28,26.09,26.200001,25.23,25.25,22.258219,12166100
2011-01-31,25.129998999999998,25.299999,24.76,24.799999,21.861539999999998,17394300
2011-02-01,24.889999,25.15,24.66,25.0,22.03784,12794000
2011-02-02,24.860001,24.940001000000002,24.24,24.26,21.385525,18374200
2011-02-03,24.32,24.690001000000002,24.23,24.5,21.597084,11599800
2011-02-04,24.469998999999998,24.83,24.41,24.709999,21.782204,11168000
2011-02-07,24.76,24.82,24.549999,24.620001000000002,21.702866,10225300
2011-02-08,24.629998999999998,24.879998999999998,24.57,24.75,21.817465,10912300
2011-02-09,24.67,24.75,24.379998999999998,24.469998999999998,21.570639,12913900
2011-02-10,24.43,24.530001000000002,24.25,24.43,21.535376,11646400
2011-02-11,24.360001,25.16,24.129998999999998,25.09,22.117179999999998,12499400
2011-02-14,25.09,25.290001,25.0,25.17,22.187696,8313800
2011-02-15,24.99,25.59,24.940001000000002,25.58,22.549112,13664400
2011-02-16,25.610001,26.030001000000002,25.610001,25.790001,22.734243,11011200
2011-02-17,25.65,26.190001000000002,25.549999,26.139999,23.042772,12717200
2011-02-18,26.07,26.440001000000002,25.950001,26.299999,23.183807,16534900
2011-02-22,26.5,26.610001,25.73,25.99,22.910543,21878600
2011-02-23,25.76,26.58,25.129998999999998,25.73,22.681345,25671300
2011-02-24,25.67,25.73,25.0,25.110001,22.134809,15930100
2011-02-25,25.27,25.51,25.17,25.27,22.27585,13123500
2011-02-28,25.4,26.17,25.4,26.17,23.06921,17264100
2011-03-01,26.35,26.42,25.48,25.5,22.4786,13438600
2011-03-02,25.32,25.889999,25.24,25.780001000000002,22.725422000000002,12932300
2011-03-03,25.950001,26.35,25.780001000000002,26.280001000000002,23.166176,16293600
2011-03-04,26.27,26.540001,25.9,26.24,23.130914999999998,13938100
2011-03-07,26.23,26.48,25.860001,26.0,22.919355,12491100
2011-03-08,26.02,26.780001000000002,26.0,26.610001,23.457079,13295700
2011-03-09,26.52,27.0,26.469998999999998,26.82,23.642197,11550500
2011-03-10,26.389999,26.790001,26.299999,26.68,23.518785,16060600
2011-03-11,26.469998999999998,27.209999,26.469998999999998,26.940001000000002,23.747978,14946500
2011-03-14,26.74,26.9,26.370001000000002,26.809998999999998,23.633387,11427900
2011-03-15,26.450001,26.76,26.15,26.639999,23.483526,14875900
2011-03-16,26.68,26.700001,25.98,26.0,22.919355,19004500
2011-03-17,26.42,26.5,25.969998999999998,26.08,22.98988,15306600
2011-03-18,26.389999,26.469998999999998,26.08,26.200001,23.095661,19753300
2011-03-21,26.49,26.540001,26.16,26.32,23.201441,15661300
2011-03-22,26.309998999999998,26.52,26.209999,26.450001,23.316035999999997,11005700
2011-03-23,26.379998999999998,26.99,26.290001,26.969998999999998,23.774422,12990400
2011-03-24,27.059998999999998,27.42,26.84,27.280001000000002,24.047695,12413100
2011-03-25,27.18,27.450001,27.1,27.190001000000002,23.968359,9449700
2011-03-28,27.18,27.209999,26.620001000000002,26.719998999999998,23.554045000000002,9113500
2011-03-29,26.799999,26.98,26.73,26.93,23.739162,8411900
2011-03-30,27.040001,27.129998999999998,26.809998999999998,26.969998999999998,23.774422,5161900
2011-03-31,26.879998999999998,26.9,26.26,26.43,23.298407,12918300
2011-04-01,26.469998999999998,26.84,26.4,26.74,23.571676,8607500
2011-04-04,26.690001000000002,26.98,26.41,26.58,23.430629999999997,7130500
2011-04-05,26.700001,26.969998999999998,26.549999,26.780001000000002,23.606939,9479900
2011-04-06,26.84,26.969998999999998,26.52,26.67,23.509970000000003,8510900
2011-04-07,26.58,26.879998999999998,26.42,26.6,23.448265,11326800
2011-04-08,26.77,26.940001000000002,26.59,26.82,23.642197,9821400
2011-04-11,26.780001000000002,27.09,26.66,26.780001000000002,23.606939,8499700
2011-04-12,26.610001,27.200001,26.59,27.09,23.880209,10722100
2011-04-13,27.18,27.190001000000002,26.75,26.91,23.721536999999998,7926500
2011-04-14,26.84,27.18,26.690001000000002,27.09,23.880209,8900300
2011-04-15,27.18,27.32,26.959999,27.049999,23.844946,10331900
2011-04-18,26.639999,26.83,26.360001,26.459999,23.420088,11365100
2011-04-19,26.48,26.790001,26.360001,26.66,23.597115,8336900
2011-04-20,27.059998999999998,27.33,26.639999,26.66,23.597115,11029200
2011-04-21,26.719998999999998,26.84,26.549999,26.67,23.605964999999998,7398900
2011-04-25,26.57,26.6,26.27,26.34,23.313873,8965500
2011-04-26,26.110001,26.49,25.91,26.27,23.251919,10300000
2011-04-27,26.33,26.790001,26.18,26.74,23.667921,12362400
2011-04-28,26.75,26.870001000000002,26.4,26.6,23.544007999999998,10977200
2011-04-29,26.620001000000002,26.700001,26.139999,26.25,23.234215,20025200
2011-05-02,26.379998999999998,26.6,26.290001,26.379998999999998,23.349287,7899600
2011-05-03,26.24,26.24,25.84,26.049999,23.057194,14394900
2011-05-04,26.049999,26.27,25.639999,25.76,22.800516000000002,19315100
2011-05-05,25.719998999999998,25.98,25.559998999999998,25.76,22.800516000000002,17750900
2011-05-06,25.959999,26.15,25.639999,25.639999,22.694298,11247400
2011-05-09,25.700001,25.84,25.6,25.76,22.800516000000002,8619400
2011-05-10,25.77,26.309998999999998,25.75,26.209999,23.198812,9825300
2011-05-11,26.08,26.27,25.629998999999998,25.940001000000002,22.959833,12585600
2011-05-12,25.83,26.040001,25.48,25.98,22.995234,16015700
2011-05-13,26.040001,26.07,25.52,25.76,22.800516000000002,11922800
2011-05-16,24.82,25.58,24.67,24.84,21.986204,31368400
2011-05-17,25.0,25.1,24.629998999999998,24.75,21.906548,16095200
2011-05-18,24.700001,25.1,24.629998999999998,25.049999,22.172085,14940600
2011-05-19,25.030001000000002,25.030001000000002,24.73,24.780001000000002,21.933104,15087900
2011-05-20,24.74,24.83,24.43,24.459999,21.649866,15534300
2011-05-23,24.25,24.57,24.25,24.379998999999998,21.579056,12697200
2011-05-24,24.42,24.459999,24.09,24.15,21.375479000000002,14148100
2011-05-25,24.129998999999998,24.5,24.049999,24.34,21.543651999999998,13865600
2011-05-26,24.219998999999998,24.469998999999998,24.209999,24.309998999999998,21.517094,13474400
2011-05-27,24.42,24.469998999999998,24.190001000000002,24.25,21.463989,15929900
2011-05-31,24.280001000000002,24.34,24.110001,24.139999,21.366629,14117000
2011-06-01,24.09,24.16,23.719998999999998,23.719998999999998,20.994881,18203300
2011-06-02,23.74,23.790001,23.35,23.59,20.879814,16658900
2011-06-03,23.25,23.58,23.18,23.4,20.711647,16135200
2011-06-06,23.07,23.290001,22.860001,22.870001000000002,20.242535,17453600
2011-06-07,23.02,23.49,22.940001000000002,22.99,20.348745,17804500
2011-06-08,22.83,22.9,22.59,22.719998999999998,20.109764000000002,21615400
2011-06-09,22.85,23.190001000000002,22.74,22.77,20.154018,16354100
2011-06-10,22.719998999999998,22.719998999999998,22.200001,22.26,19.702616,20135500
2011-06-13,22.299999,22.360001,22.040001,22.049999,19.516745,17150300
2011-06-14,22.35,22.82,22.32,22.719998999999998,20.109764000000002,18425900
2011-06-15,22.690001000000002,22.709999,22.030001000000002,22.110001,19.569848999999998,17569500
2011-06-16,22.16,23.08,22.16,22.68,20.074368,22543400
2011-06-17,22.870001000000002,23.01,22.709999,22.83,20.207127,28177400
2011-06-20,22.6,23.23,22.57,23.110001,20.45496,11944500
2011-06-21,23.190001000000002,23.77,23.08,23.68,20.959476000000002,17278400
2011-06-22,23.57,23.639999,23.190001000000002,23.190001000000002,20.525768,18991000
2011-06-23,22.92,23.75,22.82,23.709999,20.986032,20020700
2011-06-24,23.67,23.77,23.07,23.25,20.578875,26641200
2011-06-27,23.190001000000002,23.4,22.969998999999998,23.15,20.490368,13019100
2011-06-28,23.24,23.700001,23.17,23.469998999999998,20.773603,14497500
2011-06-29,23.559998999999998,23.57,23.200001,23.379998999999998,20.693945000000003,12124700
2011-06-30,23.459999,23.629998999999998,23.190001000000002,23.309998999999998,20.631985,11038900
2011-07-01,23.299999,23.91,23.299999,23.82,21.083389,8819700
2011-07-05,23.809998999999998,23.809998999999998,23.440001000000002,23.48,20.782454,8326500
2011-07-06,23.459999,23.57,23.200001,23.26,20.587729,14712400
2011-07-07,23.5,24.209999,23.48,23.99,21.233862,16905700
2011-07-08,23.639999,23.83,23.469998999999998,23.610001,20.897517999999998,10516300
2011-07-11,23.35,23.450001,23.0,23.18,20.516916000000002,12983800
2011-07-12,23.110001,23.42,23.030001000000002,23.18,20.516916000000002,13399800
2011-07-13,23.299999,23.549999,23.25,23.280001000000002,20.605431,9157000
2011-07-14,23.290001,23.549999,23.07,23.110001,20.45496,11512400
2011-07-15,23.16,23.16,22.639999,22.860001,20.233683,14004700
2011-07-18,22.58,22.75,22.379998999999998,22.5,20.037764000000003,9699000
2011-07-19,22.68,23.01,22.620001000000002,22.959999,20.44742,12257600
2011-07-20,22.959999,23.0,22.68,22.77,20.278212,8283300
2011-07-21,22.91,23.25,22.83,22.940001000000002,20.429609,11012400
2011-07-22,22.92,22.940001000000002,22.52,22.620001000000002,20.14463,14051600
2011-07-25,22.379998999999998,22.65,22.370001000000002,22.610001,20.135719,11737300
2011-07-26,22.58,22.92,22.469998999999998,22.84,20.340555,13850700
2011-07-27,22.67,22.809998999999998,22.42,22.459999,20.002133999999998,13178500
2011-07-28,22.49,22.73,21.719998999999998,21.790001,19.405457000000002,18249600
2011-07-29,21.35,21.790001,21.309998999999998,21.58,19.218436999999998,20663400
2011-08-01,21.610001,21.68,20.98,21.09,18.782063,20701500
2011-08-02,20.93,21.08,20.450001,20.459999,18.221001,18600300
2011-08-03,20.629998999999998,20.629998999999998,20.16,20.42,18.185377,24264000
2011-08-04,20.129998999999998,20.5,19.950001,20.219998999999998,18.007265,27540600
2011-08-05,20.43,20.530001000000002,19.860001,20.15,17.944923,26207700
2011-08-08,19.75,20.08,18.66,18.67,16.626884,27609600
2011-08-09,18.950001,19.200001,18.15,19.17,17.07217,21270000
2011-08-10,18.780001000000002,18.780001000000002,18.07,18.110001,16.128172,27372500
2011-08-11,18.139999,19.34,18.1,19.09,17.000926999999997,22410500
2011-08-12,19.299999,19.51,18.969998999999998,19.51,17.374964000000002,22857600
2011-08-15,19.23,19.75,19.1,19.68,17.52636,34152300
2011-08-16,19.469998999999998,20.18,19.43,20.09,17.891491000000002,23935600
2011-08-17,20.17,20.219998999999998,19.83,20.1,17.9004,20300400
2011-08-18,19.469998999999998,19.73,19.26,19.58,17.437302,27595700
2011-08-19,19.299999,19.959999,19.26,19.309998999999998,17.196854000000002,17361600
2011-08-22,19.92,19.940001000000002,19.469998999999998,19.530001000000002,17.392776,13528700
2011-08-23,19.59,20.120001000000002,19.49,20.120001000000002,17.918205,13371200
2011-08-24,20.1,20.379998999999998,19.860001,20.34,18.114136,16428000
2011-08-25,20.440001000000002,20.6,19.969998999999998,20.110001,17.909306,13244100
2011-08-26,20.15,20.370001000000002,19.889999,20.24,18.025078,19044800
2011-08-29,20.549999,20.559998999999998,20.299999,20.49,18.247721,15440800
2011-08-30,20.34,20.450001,19.93,20.030001000000002,17.838057,18916200
2011-08-31,20.09,20.27,19.77,19.93,17.749001,18002100
2011-09-01,19.940001000000002,20.25,19.76,19.809998999999998,17.642132,17670800
2011-09-02,19.52,19.52,18.860001,18.940001000000002,16.86734,18192400
2011-09-06,18.35,19.26,18.280001000000002,19.209999,17.107792,13974500
2011-09-07,19.52,19.76,19.440001000000002,19.66,17.508551,15678200
2011-09-08,19.59,19.809998999999998,19.440001000000002,19.58,17.437302,15870100
2011-09-09,19.34,19.35,18.84,18.959999,16.885153,13284200
2011-09-12,18.719998999999998,19.139999,18.700001,19.129998999999998,17.036547,12254400
2011-09-13,19.26,19.27,18.870001000000002,19.15,17.054357999999997,15571100
2011-09-14,19.24,19.860001,19.17,19.58,17.437302,16988600
2011-09-15,19.790001,20.040001,19.59,19.99,17.802432999999997,9380800
2011-09-16,20.18,20.450001,20.120001000000002,20.379998999999998,18.149757,19529900
2011-09-19,20.01,20.26,19.66,20.01,17.820248,10628600
2011-09-20,20.120001000000002,20.450001,19.9,19.92,17.740092999999998,15439500
2011-09-21,19.940001000000002,20.040001,19.16,19.18,17.081076,14472800
2011-09-22,18.629998999999998,19.280001000000002,18.530001000000002,18.9,16.831722,20543400
2011-09-23,18.85,19.870001000000002,18.85,19.74,17.57979,19994400
2011-09-26,19.84,19.860001,19.299999,19.82,17.651037,17336000
2011-09-27,20.23,20.67,20.129998999999998,20.24,18.025078,14722100
2011-09-28,20.23,20.5,19.82,19.879998999999998,17.70447,13325200
2011-09-29,20.190001000000002,20.309998999999998,19.57,20.02,17.829153,13661500
2011-09-30,19.66,19.85,19.33,19.34,17.223564,14668600
2011-10-03,19.389999,19.540001,18.860001,18.98,16.902962,14002100
2011-10-04,18.639999,19.719998999999998,18.549999,19.66,17.508551,16503400
2011-10-05,19.57,19.809998999999998,19.299999,19.74,17.57979,13745400
2011-10-06,19.780001000000002,20.26,19.379998999999998,20.24,18.025078,28775200
2011-10-07,20.41,20.65,20.049999,20.34,18.114136,32585800
2011-10-10,20.48,20.870001000000002,20.48,20.860001,18.57723,17096700
2011-10-11,20.809998999999998,20.870001000000002,20.48,20.530001000000002,18.283344,21172200
2011-10-12,20.639999,20.860001,20.51,20.620001000000002,18.363493,9663600
2011-10-13,20.370001000000002,20.780001000000002,20.24,20.450001,18.212097,6978200
2011-10-14,20.73,21.0,20.540001,20.93,18.639572,10959100
2011-10-17,20.57,21.4,20.57,20.889999,18.729229,16940000
2011-10-18,20.98,21.709999,20.790001,21.49,19.267166,12855600
2011-10-19,21.48,21.66,20.99,21.040001,18.863707,12162900
2011-10-20,21.049999,21.58,21.040001,21.52,19.29406,12482400
2011-10-21,21.780001000000002,22.200001,21.709999,22.129998999999998,19.840967000000003,15755900
2011-10-24,22.110001,22.48,21.74,21.780001000000002,19.527168,16838300
2011-10-25,21.92,22.049999,21.459999,21.51,19.285097,17920100
2011-10-26,21.719998999999998,21.92,21.360001,21.639999,19.401648,13731800
2011-10-27,22.17,22.299999,21.790001,21.9,19.634756,15974300
2011-10-28,21.85,21.85,21.26,21.370001000000002,19.15958,14365600
2011-10-31,21.17,21.43,21.0,21.02,18.845779,12529500
2011-11-01,20.389999,20.940001000000002,20.34,20.6,18.469225,14893500
2011-11-02,21.030001000000002,21.440001000000002,20.780001000000002,21.33,19.123713000000002,14293100
2011-11-03,21.389999,21.65,21.059998999999998,21.629998999999998,19.392682999999998,12121000
2011-11-04,21.49,21.66,21.209999,21.540001,19.311995,10412100
2011-11-07,21.6,22.32,21.48,22.309998999999998,20.002342000000002,16891300
2011-11-08,22.48,22.799999,22.040001,22.77,20.414764,15432200
2011-11-09,22.370001000000002,22.83,22.049999,22.200001,19.903728,14451500
2011-11-10,22.459999,22.799999,22.110001,22.459999,20.136829000000002,18154200
2011-11-11,22.75,23.75,22.75,23.110001,20.719601,27393900
2011-11-14,23.200001,24.0,23.200001,23.5,21.069257999999998,29351000
2011-11-15,23.34,23.559998999999998,22.889999,23.200001,20.800289000000003,14969300
2011-11-16,22.889999,24.049999,22.799999,23.49,21.060291,23133400
2011-11-17,23.51,23.92,23.23,23.379998999999998,20.961666,18690600
2011-11-18,23.42,23.459999,22.93,23.309998999999998,20.898909,14795300
2011-11-21,22.940001000000002,23.219998999999998,22.82,23.09,20.70167,12693700
2011-11-22,23.1,23.17,22.780001000000002,22.809998999999998,20.450626,11564400
2011-11-23,22.709999,22.709999,22.4,22.48,20.154761999999998,11759900
2011-11-25,22.549999,23.02,22.389999,22.68,20.33408,6049700
2011-11-28,23.16,23.68,22.959999,23.360001,20.943737,13338100
2011-11-29,23.52,24.389999,23.469998999999998,24.299999,21.786507,26520800
2011-11-30,24.879998999999998,25.1,23.75,24.01,21.526502999999998,27751200
2011-12-01,23.91,24.219998999999998,23.83,23.870001000000002,21.400988,14051400
2011-12-02,24.120001000000002,24.379998999999998,23.950001,24.309998999999998,21.795473,19223500
2011-12-05,24.51,24.67,24.18,24.35,21.831339,13785400
2011-12-06,24.299999,24.9,24.209999,24.77,22.20789,18040200
2011-12-07,24.57,25.24,24.57,25.200001,22.593412,32269400
2011-12-08,24.969998999999998,25.219998999999998,24.83,24.879998999999998,22.306517000000003,26498300
2011-12-09,25.049999,25.25,24.93,24.969998999999998,22.387204999999998,20340300
2011-12-12,24.719998999999998,24.84,24.379998999999998,24.690001000000002,22.136171,14919900
2011-12-13,24.75,24.790001,24.040001,24.18,21.678919,15660600
2011-12-14,24.16,24.58,24.120001000000002,24.48,21.947886999999998,22526300
2011-12-15,24.67,24.75,24.549999,24.66,22.109274,18239000
2011-12-16,24.82,25.02,24.51,25.02,22.432035,28728600
2011-12-19,25.059998999999998,25.25,24.639999,24.719998999999998,22.163067,15501000
2011-12-20,25.15,25.76,25.110001,25.73,23.068598,18940600
2011-12-21,25.76,26.040001,25.48,25.959999,23.274807,18322700
2011-12-22,25.93,25.950001,25.43,25.459999,22.826521,15130100
2011-12-23,25.6,25.629998999999998,25.15,25.27,22.656178,11578700
2011-12-27,25.209999,25.709999,25.16,25.540001,22.898249,9002800
2011-12-28,25.610001,25.67,25.01,25.059998999999998,22.467896,12285200
2011-12-29,25.07,25.75,25.049999,25.68,23.023767000000003,11245800
2011-12-30,25.610001,25.74,25.379998999999998,25.379998999999998,22.754797,7981200
2012-01-03,25.66,26.01,25.440001000000002,25.52,22.880316,14332300
2012-01-04,25.52,26.51,25.459999,26.469998999999998,23.732056,19041200
2012-01-05,26.360001,26.440001000000002,25.98,26.370001000000002,23.642397,14015900
2012-01-06,26.360001,26.459999,26.09,26.34,23.615496,12612900
2012-01-09,26.379998999999998,26.379998999999998,25.959999,26.1,23.400322,12291100
2012-01-10,26.309998999999998,26.540001,26.26,26.43,23.696188,9626300
2012-01-11,26.59,26.6,26.219998999999998,26.530001000000002,23.785847,11601900
2012-01-12,26.549999,26.68,26.110001,26.389999,23.660326,16742600
2012-01-13,26.299999,26.43,26.049999,26.32,23.597572,16140500
2012-01-17,26.51,26.889999,26.459999,26.799999,24.027916,19179400
2012-01-18,26.73,27.57,26.690001000000002,27.459999,24.619648,19208200
2012-01-19,27.440001000000002,27.5,26.950001,27.33,24.503096,14240800
2012-01-20,27.25,27.33,26.42,26.530001000000002,23.785847,15995000
2012-01-23,26.459999,26.459999,25.93,26.33,23.731764000000002,14759200
2012-01-24,26.219998999999998,26.92,26.17,26.879998999999998,24.227495,13896700
2012-01-25,26.83,27.18,26.68,26.91,24.254534,17001800
2012-01-26,26.969998999999998,27.01,26.25,26.950001,24.290589999999998,18113400
2012-01-27,26.889999,27.120001000000002,26.73,26.91,24.254534,11442800
2012-01-30,26.68,26.84,26.379998999999998,26.82,24.173414,11088800
2012-01-31,27.049999,27.41,26.790001,26.83,24.18243,18581800
2012-02-01,27.16,27.379998999999998,26.870001000000002,26.879998999999998,24.227495,13939100
2012-02-02,26.879998999999998,26.98,26.5,26.82,24.173414,12355200
2012-02-03,27.08,27.290001,26.92,27.200001,24.515917,14013600
2012-02-06,27.16,27.299999,26.959999,27.01,24.344658,11062200
2012-02-07,27.040001,27.219998999999998,26.92,26.959999,24.299599,12073400
2012-02-08,26.889999,27.040001,26.84,26.879998999999998,24.227495,17096300
2012-02-09,26.959999,27.01,26.780001000000002,26.91,24.254534,15698000
2012-02-10,26.74,27.120001000000002,26.690001000000002,27.09,24.416769,10492800
2012-02-13,27.280001000000002,27.459999,27.17,27.389999,24.687164000000003,11777700
2012-02-14,27.200001,27.5,27.049999,27.190001000000002,24.506903,10580800
2012-02-15,27.23,27.530001000000002,27.200001,27.43,24.723217,17441800
2012-02-16,27.34,27.58,27.139999,27.309998999999998,24.615063,12233500
2012-02-17,27.459999,27.84,27.43,27.68,24.948553,9268500
2012-02-21,28.23,28.459999,27.65,27.76,25.020657,15633200
2012-02-22,27.610001,27.67,26.75,26.950001,24.290589999999998,21692000
2012-02-23,26.790001,27.24,26.58,27.059998999999998,24.389727,19962400
2012-02-24,27.059998999999998,27.17,26.719998999999998,27.16,24.479868,15136000
2012-02-27,27.24,28.059998999999998,27.200001,27.34,24.642104999999997,21943500
2012-02-28,27.34,27.73,27.110001,27.709999,24.97559,18008400
2012-02-29,27.799999,28.52,27.76,28.379998999999998,25.579473,19593100
2012-03-01,28.41,28.6,28.09,28.379998999999998,25.579473,12494000
2012-03-02,28.34,28.67,28.110001,28.129998999999998,25.354143,15007800
2012-03-05,27.969998999999998,28.33,27.92,28.24,25.453287,15773900
2012-03-06,27.860001,28.09,27.780001000000002,27.84,25.092764000000003,14060600
2012-03-07,27.950001,29.0,27.91,28.870001000000002,26.021117999999998,30483500
2012-03-08,28.860001,29.440001000000002,28.860001,29.360001,26.462769,22110700
2012-03-09,29.459999,29.940001000000002,29.35,29.77,26.832315,19918000
2012-03-12,29.959999,30.07,29.700001,29.84,26.895398999999998,12880500
2012-03-13,30.030001000000002,30.33,29.950001,30.23,27.246918,23876400
2012-03-14,30.43,30.6,30.18,30.49,27.48126,20702200
2012-03-15,30.450001,30.799999,30.209999,30.690001000000002,27.661524,20820300
2012-03-16,30.620001000000002,30.66,30.139999,30.41,27.409155,17419800
2012-03-19,30.35,30.610001,30.129998999999998,30.530001000000002,27.517315000000004,11950100
2012-03-20,30.41,30.74,30.34,30.59,27.57139,10104100
2012-03-21,30.690001000000002,31.0,30.639999,30.860001,27.814753999999997,12579800
2012-03-22,30.68,31.0,30.58,30.950001,27.895865999999998,12701900
2012-03-23,30.629998999999998,30.809998999999998,30.1,30.74,27.706592999999998,17540700
2012-03-26,30.969998999999998,31.190001000000002,30.91,31.18,28.103174,10578600
2012-03-27,31.16,31.49,31.0,31.18,28.103174,16181100
2012-03-28,31.1,31.26,30.969998999999998,31.219998999999998,28.139222999999998,11400200
2012-03-29,30.99,31.290001,30.85,31.209999,28.130209000000004,10789300
2012-03-30,31.459999,31.57,31.23,31.379998999999998,28.283434000000003,13346000
2012-04-02,31.309998999999998,31.49,31.16,31.379998999999998,28.283434000000003,12793700
2012-04-03,31.42,31.43,30.91,31.07,28.004028,11494700
2012-04-04,30.879998999999998,31.33,30.629998999999998,31.27,28.18429,13497000
2012-04-05,31.290001,31.629998999999998,31.190001000000002,31.35,28.256391999999998,13355800
2012-04-09,30.83,31.200001,30.700001,31.09,28.022051,12396500
2012-04-10,31.030001000000002,31.27,30.33,30.33,27.337048,12941600
2012-04-11,30.530001000000002,31.23,30.5,31.02,27.958961,13711700
2012-04-12,31.059998999999998,31.58,31.040001,31.5,28.39159,7571300
2012-04-13,31.49,31.860001,31.4,31.690001000000002,28.562843,8871200
2012-04-16,31.940001000000002,32.290001000000004,31.73,32.049999,28.887320000000003,11216900
2012-04-17,32.169998,32.27,31.93,32.080002,28.914356,10793300
2012-04-18,31.93,32.119999,31.860001,31.959999,28.8062,7322600
2012-04-19,31.9,32.150002,31.59,32.0,28.842258,12186900
2012-04-20,32.009997999999996,32.119999,31.51,31.65,28.526790999999996,9225200
2012-04-23,31.280001000000002,31.41,30.92,31.120001000000002,28.173721,8440600
2012-04-24,31.200001,31.719998999999998,31.18,31.379998999999998,28.409101,9385200
2012-04-25,31.52,31.85,31.52,31.73,28.725964,7472500
2012-04-26,31.629998999999998,31.77,31.18,31.43,28.454369,13035900
2012-04-27,31.540001,31.809998999999998,31.08,31.610001,28.617325,10010900
2012-04-30,31.49,31.639999,31.209999,31.469998999999998,28.490579999999998,13206600
2012-05-01,31.52,32.0,31.33,31.610001,28.617325,7152000
2012-05-02,31.6,32.18,31.440001000000002,32.099998,29.060935999999998,10966500
2012-05-03,32.150002,32.23,31.540001,31.66,28.662592,7181700
2012-05-04,31.559998999999998,31.57,31.049999,31.09,28.146553000000004,8042200
2012-05-07,31.34,31.370001000000002,30.719998999999998,30.790001,27.874964000000002,12497500
2012-05-08,30.51,30.83,29.879998999999998,30.67,27.766319,16270600
2012-05-09,30.389999,30.49,29.889999,30.34,27.467562,11657200
2012-05-10,30.540001,30.75,29.889999,30.18,27.322709999999997,19543400
2012-05-11,29.93,30.07,29.57,29.620001000000002,26.815733,19887900
2012-05-14,29.459999,29.92,29.41,29.559998999999998,26.761406,13406600
2012-05-15,28.49,29.790001,28.4,29.030001000000002,26.281585999999997,26255000
2012-05-16,29.16,29.76,29.09,29.32,26.544128000000004,14050700
2012-05-17,29.25,29.27,28.35,28.370001000000002,25.684076,19689300
2012-05-18,28.32,28.99,28.219998999999998,28.48,25.783661,19092800
2012-05-21,26.17,26.530001000000002,25.42,25.6,23.176317,50428400
2012-05-22,25.700001,26.15,25.309998999999998,25.49,23.076732999999997,25461700
2012-05-23,25.309998999999998,26.280001000000002,25.280001000000002,26.190001000000002,23.710461,30028300
2012-05-24,26.33,27.15,26.209999,27.1,24.534311,25268400
2012-05-25,26.950001,27.370001000000002,26.92,27.24,24.661051,16809700
2012-05-29,27.43,27.690001000000002,27.200001,27.49,24.887384,18137300
2012-05-30,27.17,27.59,26.68,26.99,24.434721,24427500
2012-05-31,26.98,27.1,26.6,26.719998999999998,24.190285,19424500
2012-06-01,26.129998999999998,26.629998999999998,26.129998999999998,26.360001,23.864367,19817900
2012-06-04,26.049999,26.700001,26.030001000000002,26.66,24.135967,16113000
2012-06-05,26.49,26.58,26.18,26.43,23.927736,15109200
2012-06-06,26.959999,27.48,26.75,27.48,24.878332,17718300
2012-06-07,27.6,28.129998999999998,27.549999,27.690001000000002,25.068455,21908500
2012-06-08,27.57,27.99,27.43,27.92,25.276676000000002,12203200
2012-06-11,28.049999,28.07,26.959999,26.98,24.425667,15812300
2012-06-12,27.08,27.610001,27.02,27.440001000000002,24.842119,15011700
2012-06-13,27.190001000000002,27.48,26.610001,26.879998999999998,24.335138,15853500
2012-06-14,26.860001,27.940001000000002,26.860001,27.77,25.140879,15661600
2012-06-15,27.870001000000002,28.08,27.620001000000002,28.049999,25.394365,22257500
2012-06-18,27.879998999999998,28.559998999999998,27.84,28.43,25.738394,11708800
2012-06-19,28.51,28.709999,28.200001,28.540001,25.837978,11322200
2012-06-20,28.6,28.66,28.17,28.629998999999998,25.919453,11667200
2012-06-21,28.68,28.690001000000002,27.450001,27.5,24.896441,14978600
2012-06-22,27.67,27.84,27.25,27.309998999999998,24.724432,16842000
2012-06-25,27.09,27.15,26.780001000000002,26.93,24.380404000000002,10083100
2012-06-26,27.0,27.5,26.780001000000002,27.26,24.679169,13961400
2012-06-27,27.27,27.52,27.059998999999998,27.299999,24.715367999999998,9672800
2012-06-28,27.17,27.549999,26.84,27.24,24.661051,12967200
2012-06-29,27.85,28.440001000000002,27.360001,28.440001000000002,25.74744,12927300
2012-07-02,28.459999,28.629998999999998,27.9,28.620001000000002,25.910404,9952100
2012-07-03,28.0,28.0,27.059998999999998,27.620001000000002,25.005081,13071900
2012-07-05,27.68,27.75,27.42,27.58,24.968864,9684700
2012-07-06,27.309998999999998,27.860001,27.290001,27.85,25.213306,9529500
2012-07-09,27.58,27.719998999999998,27.219998999999998,27.280001000000002,24.697273000000003,10852300
2012-07-10,27.389999,27.610001,26.99,27.17,24.597683,10561700
2012-07-11,27.200001,27.370001000000002,26.639999,26.67,24.145021,18575400
2012-07-12,26.209999,26.719998999999998,25.9,26.57,24.054486999999998,16794800
2012-07-13,26.65,26.809998999999998,26.389999,26.719998999999998,24.190285,10226400
2012-07-16,26.549999,26.57,25.73,25.799999,23.357385999999998,25123900
2012-07-17,25.6,25.74,25.299999,25.549999,23.131054000000002,24927800
2012-07-18,25.360001,25.82,25.200001,25.66,23.23064,18466300
2012-07-19,25.700001,26.309998999999998,25.6,26.030001000000002,23.565613,13278700
2012-07-20,25.950001,26.16,25.790001,25.790001,23.348330999999998,12072100
2012-07-23,25.18,26.1,25.110001,25.77,23.475872,9853200
2012-07-24,25.74,25.870001000000002,25.540001,25.77,23.475872,8218100
2012-07-25,26.07,26.120001000000002,25.559998999999998,25.6,23.321001000000003,8399400
2012-07-26,25.950001,26.67,25.91,26.6,24.231981,13969200
2012-07-27,26.73,27.25,26.51,27.07,24.660137,12371100
2012-07-30,27.02,27.08,26.610001,26.860001,24.468836,6866500
2012-07-31,26.35,26.530001000000002,25.309998999999998,25.370001000000002,23.111479,22722000
2012-08-01,25.440001000000002,25.9,24.959999,25.139999,22.901953,28243100
2012-08-02,25.07,25.549999,24.76,24.85,22.637775,15421900
2012-08-03,25.059998999999998,25.5,25.02,25.49,23.220795000000003,10237700
2012-08-06,25.6,25.790001,25.34,25.41,23.147919,12584800
2012-08-07,25.5,26.120001000000002,25.440001000000002,25.969998999999998,23.658068,12326200
2012-08-08,25.92,26.459999,25.709999,26.42,24.068005,12004700
2012-08-09,26.299999,26.969998999999998,26.290001,26.91,24.514381,12020300
2012-08-10,26.700001,26.799999,26.43,26.77,24.386845,10123100
2012-08-13,26.74,26.76,26.34,26.549999,24.186432,10952400
2012-08-14,26.889999,27.0,26.360001,26.540001,24.17732,14279800
2012-08-15,26.6,27.09,26.5,26.83,24.441505,15330300
2012-08-16,26.889999,27.549999,26.77,27.450001,25.00631,12592700
2012-08-17,27.530001000000002,27.870001000000002,27.25,27.870001000000002,25.388922,13596000
2012-08-20,26.190001000000002,27.09,25.969998999999998,26.26,23.922249,47478900
2012-08-21,26.309998999999998,26.709999,26.120001000000002,26.43,24.077118,16205200
2012-08-22,26.41,27.34,26.4,27.24,24.815002,20086800
2012-08-23,27.16,27.540001,27.15,27.360001,24.924326,16086900
2012-08-24,27.280001000000002,27.809998999999998,27.25,27.73,25.261381,11341700
2012-08-27,27.84,27.940001000000002,27.549999,27.700001,25.234054999999998,10870700
2012-08-28,27.73,28.0,27.66,27.85,25.370707,9961500
2012-08-29,27.969998999999998,28.620001000000002,27.91,28.34,25.817076,14765000
2012-08-30,28.17,28.469998999999998,28.129998999999998,28.18,25.671324,11664300
2012-08-31,28.32,28.709999,28.24,28.48,25.94462,15045500
2012-09-04,28.559998999999998,28.620001000000002,28.190001000000002,28.43,25.899065,10066600
2012-09-05,28.559998999999998,28.780001000000002,27.809998999999998,28.1,25.598442000000002,14271000
2012-09-06,28.34,28.75,28.16,28.379998999999998,25.853519,17720500
2012-09-07,28.450001,28.48,28.209999,28.32,25.798861,15806500
2012-09-10,28.32,29.129998999999998,28.32,28.690001000000002,26.135918,12697200
2012-09-11,28.629998999999998,28.870001000000002,28.379998999999998,28.6,26.053933999999998,10131100
2012-09-12,28.65,28.82,28.120001000000002,28.219998999999998,25.707766,11582000
2012-09-13,28.290001,29.110001,28.09,29.02,26.436548,13246300
2012-09-14,29.1,29.77,29.1,29.4,26.782713,11767500
2012-09-17,29.49,29.75,29.139999,29.23,26.62785,10046500
2012-09-18,29.27,29.360001,28.85,29.18,26.5823,11937200
2012-09-19,29.299999,29.93,29.25,29.59,26.955799,11956700
2012-09-20,29.48,30.059998999999998,29.34,30.0,27.329302000000002,13396400
2012-09-21,29.969998999999998,30.209999,29.73,30.190001000000002,27.502390000000002,20802200
2012-09-24,30.0,30.09,29.700001,29.799999,27.147106,11027800
2012-09-25,29.950001,30.559998999999998,29.66,29.67,27.028678999999997,15131500
2012-09-26,29.73,30.16,29.690001000000002,30.01,27.338410999999997,15004400
2012-09-27,30.030001000000002,30.450001,29.889999,30.26,27.566153000000003,8243600
2012-09-28,30.1,30.559998999999998,30.1,30.24,27.547929999999997,10694100
2012-10-01,30.309998999999998,30.49,30.1,30.309998999999998,27.611702,14660100
2012-10-02,30.309998999999998,30.459999,30.040001,30.290001,27.593487,10445100
2012-10-03,30.43,30.799999,30.059998999999998,30.700001,27.966988,16087600
2012-10-04,30.780001000000002,31.219998999999998,30.709999,30.950001,28.194731,11189600
2012-10-05,31.200001,32.0,31.200001,31.77,28.941732000000002,17144900
2012-10-08,31.58,31.75,31.309998999999998,31.549999,28.741315999999998,6963300
2012-10-09,31.450001,31.559998999999998,31.110001,31.129998999999998,28.358704,8701300
2012-10-10,31.16,31.27,30.77,30.889999,28.140074,11359800
2012-10-11,31.1,31.15,30.59,30.77,28.030752000000003,10637300
2012-10-12,30.99,31.52,30.860001,31.18,28.404253000000004,11409000
2012-10-15,31.719998999999998,32.23,31.549999,32.200001,29.333446999999996,14301600
2012-10-16,32.349998,32.630001,32.16,32.349998,29.470095,8967300
2012-10-17,32.59,32.98,32.400002,32.790001000000004,29.870924,10707900
2012-10-18,32.75,32.959998999999996,32.490002000000004,32.57,29.670513,9609600
2012-10-19,32.59,33.290001000000004,32.380001,32.639998999999996,29.73428,14524900
2012-10-22,32.450001,32.73,32.16,32.709998999999996,29.944836,9510900
2012-10-23,32.279999,32.400002,32.040001000000004,32.299999,29.569494,7902500
2012-10-24,32.59,32.669998,32.25,32.290001000000004,29.560343,7004500
2012-10-25,32.59,32.619999,31.65,31.790001,29.10261,7751900
2012-10-26,31.870001000000002,32.080002,31.17,31.360001,28.708961,13419900
2012-10-31,32.689999,32.84,31.790001,32.380001,29.642733000000003,14441500
2012-11-01,32.59,33.0,32.470001,32.959998999999996,30.173706,10238400
2012-11-02,33.049999,33.630001,33.029999,33.150002,30.347642999999998,13513400
2012-11-05,33.02,33.389998999999996,33.02,33.060001,30.265244,7020200
2012-11-06,33.029999,33.419998,33.029999,33.290001000000004,30.475811,6865900
2012-11-07,33.099998,33.200001,32.52,32.77,29.999763,10337700
2012-11-08,32.709998999999996,32.91,32.080002,32.099998,29.3864,9520300
2012-11-09,31.959999,31.99,31.32,31.469998999999998,28.809662,13777000
2012-11-12,31.77,32.209998999999996,31.5,31.98,29.276546000000003,8802200
2012-11-13,32.259997999999996,32.880001,31.889999,31.969998999999998,29.267390999999996,16624300
2012-11-14,32.110001000000004,32.599998,31.91,31.98,29.276546000000003,11598600
2012-11-15,31.98,32.169998,31.23,31.4,28.745575,9935600
2012-11-16,31.52,32.23,31.43,31.98,29.276546000000003,14885200
2012-11-19,33.779999,34.5,33.73,33.959998999999996,31.089165,25972800
2012-11-20,33.959998999999996,34.970001,33.93,34.450001,31.537740999999997,16199000
2012-11-21,34.150002,34.740002000000004,34.049999,34.549999,31.629288,10951600
2012-11-23,34.669998,35.150002,34.650002,35.150002,32.178574,4507500
2012-11-26,34.889998999999996,35.349998,34.549999,35.349998,32.36166,12503400
2012-11-27,35.130001,35.369999,34.779999,35.34,32.352515999999994,15864800
2012-11-28,35.099998,35.779999,34.709998999999996,35.77,32.746162,12373300
2012-11-29,35.790001000000004,36.27,35.57,35.610001000000004,32.599674,22956600
2012-11-30,35.529999,36.200001,35.259997999999996,36.09,33.039103999999995,17225900
2012-12-03,35.93,36.470001,35.880001,36.040001000000004,32.993332,15285400
2012-12-04,35.919998,36.009997999999996,35.32,35.619999,32.608837,12560600
2012-12-05,35.549999,35.669998,34.799999,35.200001,32.224346000000004,14365700
2012-12-06,35.16,35.25,34.810001,35.169998,32.19688,11640700
2012-12-07,35.209998999999996,35.490002000000004,34.860001000000004,35.110001000000004,32.141949,7773600
2012-12-10,35.16,35.25,34.73,34.810001,31.867313,6701700
2012-12-11,34.84,34.990002000000004,34.599998,34.82,31.876461,9153600
2012-12-12,34.790001000000004,35.029999,34.459998999999996,34.73,31.794077,11917100
2012-12-13,34.82,35.220001,34.490002000000004,34.529999,31.610981,7611400
2012-12-14,34.509997999999996,34.580002,34.200001,34.459998999999996,31.546892,7668800
2012-12-17,34.470001,35.869999,34.470001,35.849998,32.819389,12348300
2012-12-18,35.720001,36.139998999999996,35.509997999999996,35.830002,32.801083,11575200
2012-12-19,35.799999,35.98,35.099998,35.110001000000004,32.141949,11063800
2012-12-20,35.130001,35.389998999999996,34.889998999999996,35.380001,32.389122,9292200
2012-12-21,35.040001000000004,35.330002,34.720001,35.040001000000004,32.077866,18425700
2012-12-24,34.970001,35.349998,34.91,35.240002000000004,32.260967,3300800
2012-12-26,35.240002000000004,35.450001,34.970001,35.200001,32.224346000000004,6747800
2012-12-27,35.119999,35.380001,34.540001000000004,35.130001,32.160255,8244900
2012-12-28,34.860001000000004,35.540001000000004,34.599998,34.98,32.022934,8115000
2012-12-31,34.84,35.619999,34.610001000000004,35.52,32.517292,9869000
2013-01-02,36.130001,36.380001,35.830002,36.189999,33.130646,8229700
2013-01-03,36.32,36.400002,35.709998999999996,35.849998,32.819389,8564600
2013-01-04,35.939999,36.049999,35.549999,35.580002,32.572227000000005,7705000
2013-01-07,34.990002000000004,35.18,34.43,34.759997999999996,31.821540999999996,12497600
2013-01-08,34.93,35.310001,34.650002,34.779999,31.839846,6513700
2013-01-09,34.91,35.23,34.799999,34.880001,31.931396000000003,5400700
2013-01-10,35.040001000000004,35.560001,34.799999,35.549999,32.54475,8024800
2013-01-11,35.599998,35.880001,35.459998999999996,35.830002,32.801083,8307700
2013-01-14,35.799999,35.849998,35.310001,35.380001,32.389122,9530900
2013-01-15,35.450001,35.990002000000004,35.209998999999996,35.93,32.892628,8270100
2013-01-16,35.799999,36.0,35.549999,35.77,32.746162,4543400
2013-01-17,35.990002000000004,37.080002,35.970001,37.0,33.872177,11461600
2013-01-18,37.060001,37.150002,36.630001,36.990002000000004,34.010090000000005,11866400
2013-01-22,37.029999,37.439999,36.799999,37.439999,34.423836,8718800
2013-01-23,37.299999,37.970001,37.049999,37.880001,34.828392,12682100
2013-01-24,37.950001,38.529999,37.880001,38.41,35.315692999999996,13364100
2013-01-25,38.5,39.259997999999996,38.23,38.580002,35.472004,15477200
2013-01-28,38.709998999999996,38.75,38.169998,38.349998,35.260536,7698000
2013-01-29,38.200001,38.529999,38.02,38.23,35.1502,7748800
2013-01-30,38.279999,38.419998,38.060001,38.209998999999996,35.131805,6144900
2013-01-31,38.200001,38.57,37.959998999999996,38.189999,35.113419,10543000
2013-02-01,38.450001,39.150002,38.400002,38.560001,35.453621000000005,11080200
2013-02-04,38.290001000000004,38.810001,37.919998,37.939999,34.883553000000006,8536400
2013-02-05,38.220001,38.549999,38.200001,38.330002,35.242142,8637200
2013-02-06,38.220001,38.68,37.98,38.669998,35.554756,8650300
2013-02-07,38.52,38.900002,38.310001,38.77,35.646694000000004,9693900
2013-02-08,38.77,39.200001,38.709998999999996,39.029999,35.88575,5914000
2013-02-11,39.119999,39.209998999999996,38.93,39.060001,35.91333,5049900
2013-02-12,39.27,39.91,39.169998,39.790001000000004,36.584522,7696600
2013-02-13,39.869999,39.98,39.48,39.77,36.566146999999994,5722600
2013-02-14,39.720001,39.880001,39.41,39.57,36.382248,8023000
2013-02-15,39.400002,39.740002000000004,38.759997999999996,39.139998999999996,35.986893,9977700
2013-02-19,39.259997999999996,39.720001,38.889998999999996,39.41,36.235138,8142900
2013-02-20,39.41,39.630001,38.630001,38.639998999999996,35.527172,8441600
2013-02-21,37.799999,38.16,37.23,37.669998,34.635307,13460000
2013-02-22,37.98,38.119999,37.560001,37.669998,34.635307,8770400
2013-02-25,38.07,38.380001,35.860001000000004,35.860001000000004,32.971134,20372000
2013-02-26,36.150002,37.220001,35.919998,36.59,33.642323,18853100
2013-02-27,36.48,37.799999,36.459998999999996,37.709998999999996,34.672084999999996,17520600
2013-02-28,37.740002000000004,38.459998999999996,37.599998,38.150002,35.076645,13931600
2013-03-01,37.91,38.52,37.799999,38.380001,35.288115999999995,11073400
2013-03-04,38.119999,38.439999,37.91,38.43,35.334091,8527400
2013-03-05,38.540001000000004,38.810001,38.299999,38.759997999999996,35.637489,7843600
2013-03-06,38.75,39.220001,38.68,38.830002,35.70187,6575800
2013-03-07,38.830002,38.889998999999996,38.240002000000004,38.700001,35.58234,6206800
2013-03-08,38.900002,39.389998999999996,38.799999,39.310001,36.143192,6696100
2013-03-11,39.130001,39.689999,39.130001,39.669998,36.47419,6308600
2013-03-12,39.59,39.689999,38.880001,39.040001000000004,35.894943,7364600
2013-03-13,39.200001,39.52,39.0,39.400002,36.225937,5383400
2013-03-14,39.380001,39.549999,39.099998,39.200001,36.042061,7326300
2013-03-15,39.029999,39.299999,38.740002000000004,38.810001,35.683471999999995,9708100
2013-03-18,38.459998999999996,38.990002000000004,38.349998,38.740002000000004,35.619114,7319100
2013-03-19,38.759997999999996,39.0,37.959998999999996,38.240002000000004,35.159405,9333700
2013-03-20,38.470001,38.740002000000004,38.349998,38.41,35.315692999999996,5842100
2013-03-21,38.200001,38.490002000000004,37.630001,37.759997999999996,34.718063,10148600
2013-03-22,37.93,37.950001,37.549999,37.830002,34.782433000000005,7641400
2013-03-25,38.110001000000004,38.759997999999996,38.02,38.119999,35.049065,10506700
2013-03-26,38.389998999999996,38.439999,37.919998,38.220001,35.141003000000005,5646600
2013-03-27,37.970001,38.349998,37.919998,38.18,35.104233,3464100
2013-03-28,38.060001,38.34,37.880001,37.919998,34.865173,9215400
2013-04-01,37.799999,37.919998,37.330002,37.52,34.497398,11165800
2013-04-02,37.59,38.139998999999996,37.59,38.02,34.957122999999996,5622400
2013-04-03,38.099998,38.25,37.5,37.869999,34.819195,9207100
2013-04-04,37.93,38.75,37.93,38.630001,35.517971,11629700
2013-04-05,38.169998,38.5,37.68,38.389998999999996,35.297306,7626000
2013-04-08,38.360001000000004,39.029999,38.32,38.98,35.839775,7895600
2013-04-09,39.080002,39.240002000000004,38.790001000000004,38.869999,35.738640000000004,6667100
2013-04-10,38.869999,39.080002,38.639998999999996,39.009997999999996,35.867354999999996,7302100
2013-04-11,39.150002,39.419998,38.799999,38.84,35.711063,7878200
2013-04-12,38.689999,39.380001,38.560001,38.919998,35.784611,6995900
2013-04-15,38.599998,39.18,37.900002,37.91,34.855979999999995,10045400
2013-04-16,38.200001,38.369999,37.470001,37.990002000000004,34.929534999999994,11945000
2013-04-17,37.82,37.970001,37.380001,37.59,34.56176,8839500
2013-04-18,37.740002000000004,37.759997999999996,37.09,37.32,34.313511,8215600
2013-04-19,37.48,38.349998,37.470001,38.119999,35.049065,7786800
2013-04-22,38.029999,38.060001,37.389998999999996,37.689999,34.799759,5180100
2013-04-23,37.799999,38.330002,37.619999,38.009997999999996,35.095219,8800300
2013-04-24,38.150002,38.34,37.66,37.709998999999996,34.818226,7076300
2013-04-25,37.73,37.939999,37.419998,37.790001000000004,34.892101000000004,8312400
2013-04-26,37.790001000000004,38.02,37.700001,37.700001,34.809002,5232900
2013-04-29,37.779999,38.450001,37.560001,38.25,35.316826,10374100
2013-04-30,38.189999,38.580002,38.060001,38.419998,35.473789000000004,5850700
2013-05-01,38.34,38.52,37.98,38.18,35.252193,7105500
2013-05-02,38.290001000000004,38.869999,38.119999,38.869999,35.889278000000004,5687700
2013-05-03,39.150002,39.610001000000004,39.049999,39.59,36.554058000000005,6987500
2013-05-06,39.540001000000004,40.880001,39.5,40.810001,37.680515,10498100
2013-05-07,40.869999,41.139998999999996,40.119999,40.290001000000004,37.200396999999995,8953600
2013-05-08,40.700001,42.400002,40.220001,42.349998,39.102409,14062900
2013-05-09,42.130001,42.290001000000004,41.549999,41.77,38.566902,9947700
2013-05-10,41.889998999999996,42.080002,41.630001,42.07,38.843887,4584900
2013-05-13,41.880001,42.290001000000004,41.880001,42.09,38.862362,3863200
2013-05-14,42.209998999999996,42.900002,42.209998999999996,42.779999,39.499439,6416800
2013-05-15,42.740002000000004,43.279999,42.740002000000004,43.23,39.914932,6682500
2013-05-16,43.169998,43.549999,42.720001,42.759997999999996,39.480984,7490700
2013-05-17,42.810001,42.970001,42.389998999999996,42.669998,39.397873,7812700
2013-05-20,42.259997999999996,42.77,42.16,42.380001,39.130115999999994,7161200
2013-05-21,43.080002,43.400002,42.18,42.450001,39.194744,10779500
2013-05-22,43.299999,43.84,42.459998999999996,42.970001,39.674873,19588200
2013-05-23,42.439999,42.790001000000004,42.150002,42.689999,39.416340000000005,8272600
2013-05-24,42.130001,42.709998999999996,42.060001,42.639998999999996,39.370178,7603100
2013-05-28,43.119999,43.419998,42.709998999999996,42.860001000000004,39.573303,6755800
2013-05-29,42.560001,43.27,42.43,43.09,39.785667,7309000
2013-05-30,43.240002000000004,43.490002000000004,42.630001,42.66,39.388641,6775400
2013-05-31,42.439999,43.259997999999996,42.110001000000004,42.110001000000004,38.880821000000005,7494500
2013-06-03,42.119999,42.360001000000004,41.619999,42.360001000000004,39.111641,6169800
2013-06-04,42.169998,42.459998999999996,40.970001,40.990002000000004,37.846718,9221300
2013-06-05,40.830002,40.849998,39.59,39.599998,36.563301,12360700
2013-06-06,39.790001000000004,40.700001,39.560001,40.700001,37.578949,9583100
2013-06-07,41.009997999999996,41.669998,40.889998999999996,41.599998,38.409931,10925100
2013-06-10,41.580002,41.77,40.98,41.18,38.022133000000004,7370100
2013-06-11,40.639998999999996,41.349998,40.599998,40.889998999999996,37.754383000000004,4589200
2013-06-12,41.299999,41.52,40.580002,40.610001000000004,37.495841999999996,6525200
2013-06-13,40.599998,41.349998,40.52,41.18,38.022133000000004,5622400
2013-06-14,41.040001000000004,41.84,41.0,41.16,38.00367,7450400
2013-06-17,41.380001,41.790001000000004,41.080002,41.369999,38.197567,5958300
2013-06-18,41.41,41.599998,41.150002,41.459998999999996,38.280666,4486900
2013-06-19,41.59,41.650002,40.990002000000004,41.029999,37.883644,7614100
2013-06-20,40.59,40.630001,39.810001,39.82,36.766426,12013600
2013-06-21,40.240002000000004,40.27,39.27,39.549999,36.517136,16890200
2013-06-24,39.049999,39.82,38.869999,39.450001,36.424805,8683000
2013-06-25,39.799999,39.919998,39.48,39.509997999999996,36.480198,9647300
2013-06-26,39.950001,40.66,39.950001,40.529999,37.421989,9528600
2013-06-27,40.75,41.380001,40.689999,41.150002,37.994438,7787200
2013-06-28,41.080002,41.299999,40.700001,40.900002,37.763611,12195300
2013-07-01,41.189999,41.43,40.950001,41.060001,37.911346,5924500
2013-07-02,41.450001,42.84,41.34,42.369999,39.120884000000004,12271900
2013-07-03,42.099998,42.5,41.939999,42.32,39.074726,4074000
2013-07-05,42.5,42.889998999999996,42.299999,42.779999,39.499439,4048600
2013-07-08,42.880001,43.549999,42.869999,43.5,40.164234,5727200
2013-07-09,43.560001,43.98,43.41,43.810001,40.450462,5482000
2013-07-10,43.740002000000004,43.82,43.169998,43.389998999999996,40.062668,5247600
2013-07-11,44.02,44.200001,43.279999,43.369999,40.044197,7224800
2013-07-12,43.389998999999996,43.860001000000004,43.349998,43.830002,40.468922,4507900
2013-07-15,44.0,44.419998,43.75,43.75,40.395061,8203400
2013-07-16,43.650002,44.09,43.5,43.790001000000004,40.431992,4093700
2013-07-17,44.049999,44.509997999999996,43.950001,44.259997999999996,40.865952,5563200
2013-07-18,44.27,44.549999,44.07,44.290001000000004,40.893642,5431500
2013-07-19,44.32,44.369999,43.900002,44.27,40.875187,4335500
2013-07-22,44.150002,44.720001,43.950001,44.68,41.422157,5506600
2013-07-23,44.759997999999996,45.16,44.740002000000004,45.099998,41.811543,6578200
2013-07-24,45.259997999999996,45.299999,44.59,44.75,41.487053,5612800
2013-07-25,44.599998,44.700001,43.779999,44.130001,40.91227,8425800
2013-07-26,43.869999,44.040001000000004,43.610001000000004,43.970001,40.763935,5130800
2013-07-29,43.950001,44.09,43.380001,43.439999,40.272572,6020700
2013-07-30,43.790001000000004,44.310001,43.790001000000004,44.040001000000004,40.828827000000004,7083400
2013-07-31,44.009997999999996,45.029999,44.0,44.580002,41.329456,6857900
2013-08-01,44.939999,45.189999,44.759997999999996,45.040001000000004,41.755917,5794500
2013-08-02,44.970001,45.27,44.689999,44.990002000000004,41.709557000000004,6763600
2013-08-05,44.810001,45.490002000000004,44.77,45.470001,42.154568,4488300
2013-08-06,45.369999,45.459998999999996,44.689999,44.869999,41.598309,7986700
2013-08-07,44.75,44.810001,44.169998,44.299999,41.069866,6507900
2013-08-08,45.27,46.25,45.200001,46.16,42.794247,11217200
2013-08-09,46.029999,46.040001000000004,45.529999,45.68,42.349255,6613800
2013-08-12,45.59,46.25,45.59,45.799999,42.460491,5075200
2013-08-13,45.779999,46.23,45.360001000000004,46.130001,42.766438,5708400
2013-08-14,46.110001000000004,46.150002,44.959998999999996,45.0,41.71883,8957600
2013-08-15,44.459998999999996,44.560001,43.759997999999996,43.849998,40.652679,8911900
2013-08-16,43.860001000000004,44.639998999999996,43.790001000000004,43.959998999999996,40.754661999999996,8342100
2013-08-19,44.07,44.189999,43.549999,43.669998,40.485802,6126100
2013-08-20,44.380001,44.52,43.52,44.080002,40.865913,10291200
2013-08-21,45.610001000000004,47.25,45.52,45.810001,42.469769,30111000
2013-08-22,45.970001,47.509997999999996,45.919998,47.389998999999996,43.934563,10274400
2013-08-23,47.240002000000004,47.5,46.57,46.98,43.554466,8124400
2013-08-26,47.009997999999996,47.439999,46.830002,46.990002000000004,43.56374,6085100
2013-08-27,46.389998999999996,46.700001,45.950001,46.0,42.645908,7316000
2013-08-28,45.880001,46.669998,45.860001000000004,46.380001,42.998207,7153900
2013-08-29,46.279999,46.77,46.0,46.419998,43.03529,4470600
2013-08-30,46.5,46.619999,45.650002,45.82,42.479038,5610200
2013-09-03,46.25,46.490002000000004,45.169998,45.610001000000004,42.284355,7003400
2013-09-04,45.720001,46.02,45.630001,45.970001,42.618107,5468500
2013-09-05,45.880001,46.220001,45.779999,45.860001000000004,42.516117,4558000
2013-09-06,46.07,46.200001,45.25,45.599998,42.275085,5596100
2013-09-09,45.82,46.799999,45.799999,46.630001,43.22998,5714200
2013-09-10,46.799999,47.18,46.639998999999996,47.150002,43.712063,5887700
2013-09-11,47.290001000000004,47.580002,46.959998999999996,47.369999,43.916016,4680700
2013-09-12,47.279999,47.380001,46.630001,46.990002000000004,43.56374,7086100
2013-09-13,47.150002,47.290001000000004,46.59,46.860001000000004,43.443211,6199800
2013-09-16,47.299999,47.459998999999996,46.48,46.84,43.424671000000004,6485000
2013-09-17,46.759997999999996,47.049999,46.599998,46.849998,43.433937,5347900
2013-09-18,46.77,48.02,46.419998,47.75,44.268311,7535200
2013-09-19,48.0,49.169998,48.0,48.98,45.40863,11076500
2013-09-20,49.07,49.139998999999996,47.84,47.84,44.351746,11704700
2013-09-23,47.66,47.740002000000004,47.189999,47.27,43.823311,7187300
2013-09-24,47.189999,48.43,47.02,48.040001000000004,44.537178000000004,7195300
2013-09-25,48.02,48.02,47.34,47.540001000000004,44.073624,5916600
2013-09-26,47.73,48.16,47.73,47.889998999999996,44.398109000000005,4354400
2013-09-27,47.790001000000004,48.02,47.630001,47.77,44.286842,4107600
2013-09-30,47.310001,47.959998999999996,47.200001,47.610001000000004,44.138519,5846500
2013-10-01,47.639998999999996,48.380001,47.5,48.189999,44.676231,6662500
2013-10-02,47.849998,48.48,47.66,48.41,44.880192,5951600
2013-10-03,48.540001000000004,48.799999,47.549999,47.93,44.435184,7403300
2013-10-04,47.970001,48.220001,47.849998,48.139998999999996,44.629883,5518600
2013-10-07,47.540001000000004,47.82,47.259997999999996,47.259997999999996,43.814034,6404200
2013-10-08,47.25,47.599998,46.490002000000004,46.529999,43.137268,7306200
2013-10-09,46.529999,47.07,46.099998,46.599998,43.20216,6652000
2013-10-10,47.27,47.889998999999996,47.16,47.82,44.333214,5738400
2013-10-11,47.959998999999996,48.810001,47.93,48.799999,45.241756,6949900
2013-10-14,48.450001,48.970001,48.360001000000004,48.880001,45.315917999999996,4959300
2013-10-15,48.84,48.84,47.950001,48.450001,44.917271,7282700
2013-10-16,48.720001,48.790001000000004,47.84,48.470001,44.935814,9179900
2013-10-17,48.32,49.119999,48.310001,49.02,45.445709,6769800
2013-10-18,48.48,48.48,47.580002,47.66,44.184872,12981900
2013-10-21,47.59,48.029999,47.400002,48.02,44.687401,6482500
2013-10-22,48.189999,48.529999,48.119999,48.189999,44.845603999999994,7711400
2013-10-23,48.169998,49.310001,48.119999,49.25,45.832027000000004,9541700
2013-10-24,49.290001000000004,50.48,49.220001,50.439999,46.939448999999996,8420900
2013-10-25,50.25,50.630001,49.93,50.59,47.079044,6014300
2013-10-28,50.490002000000004,50.52,49.830002,50.110001000000004,46.632355,5916400
2013-10-29,50.290001000000004,50.709998999999996,50.189999,50.610001000000004,47.097652000000004,8843200
2013-10-30,50.669998,50.740002000000004,49.77,50.150002,46.669571000000005,6991100
2013-10-31,50.25,50.34,49.66,49.779999,46.325253000000004,7212200
2013-11-01,49.830002,49.990002000000004,49.150002,49.18,45.766890999999994,9961600
2013-11-04,49.490002000000004,49.82,49.48,49.77,46.315948,5592500
2013-11-05,49.540001000000004,50.419998,49.400002,50.18,46.697497999999996,5153500
2013-11-06,50.419998,50.5,49.82,49.970001,46.502078999999995,4104400
2013-11-07,50.110001000000004,50.43,49.029999,49.07,45.664528000000004,4694500
2013-11-08,49.009997999999996,49.259997999999996,48.48,48.720001,45.338825,8931200
2013-11-11,48.82,49.439999,48.720001,49.099998,45.692448,5530100
2013-11-12,49.369999,50.389998999999996,49.369999,50.119999,46.641659000000004,10150000
2013-11-13,49.810001,51.279999,49.810001,51.279999,47.721160999999995,7433500
2013-11-14,51.439999,52.029999,51.380001,51.950001,48.34465,9024800
2013-11-15,52.049999,52.080002,51.529999,51.77,48.177151,10833100
2013-11-18,51.740002000000004,51.77,50.77,50.889998999999996,47.358219,8655100
2013-11-19,51.5,51.849998,50.18,50.439999,46.939448999999996,12070900
2013-11-20,48.5,48.900002,47.16,47.330002,44.045288,26083700
2013-11-21,47.540001000000004,48.790001000000004,47.169998,48.200001,44.854904,11977200
2013-11-22,48.220001,48.240002000000004,47.68,47.900002,44.575728999999995,6142600
2013-11-25,48.049999,48.290001000000004,47.509997999999996,47.75,44.436134,6472200
2013-11-26,47.860001000000004,48.32,47.84,48.009997999999996,44.678093,6901400
2013-11-27,47.98,48.209998999999996,47.610001000000004,47.889998999999996,44.566418,4561900
2013-11-29,47.889998999999996,47.970001,47.450001,47.48,44.184872,3343900
2013-12-02,47.580002,47.599998,46.720001,46.830002,43.579987,6834800
2013-12-03,45.82,46.549999,45.75,46.5,43.272892,11475200
2013-12-04,46.189999,47.040001000000004,46.080002,46.860001000000004,43.607898999999996,8019100
2013-12-05,46.700001,47.080002,46.549999,46.610001000000004,43.375259,5232900
2013-12-06,47.189999,48.48,47.139998999999996,47.98,44.650172999999995,8217900
2013-12-09,47.889998999999996,48.18,47.689999,47.759997999999996,44.445442,6269600
2013-12-10,47.68,47.970001,47.32,47.360001000000004,44.073208,5477500
2013-12-11,47.34,47.799999,47.220001,47.310001,44.026676,5307800
2013-12-12,47.310001,47.389998999999996,46.82,46.889998999999996,43.635818,4552400
2013-12-13,46.900002,47.380001,46.900002,47.110001000000004,43.840548999999996,3815800
2013-12-16,47.470001,47.720001,47.080002,47.130001,43.859161,4228200
2013-12-17,47.16,47.23,46.439999,46.650002,43.412479,5502000
2013-12-18,46.700001,48.48,46.619999,48.32,44.966578999999996,10359700
2013-12-19,48.060001,48.919998,47.75,48.389998999999996,45.031715000000005,7668100
2013-12-20,48.580002,48.919998,47.919998,47.970001,44.640865000000005,8169900
2013-12-23,47.959998999999996,48.790001000000004,47.959998999999996,48.400002,45.041027,4715100
2013-12-24,48.43,48.950001,48.279999,48.700001,45.320213,2281800
2013-12-26,48.830002,49.23,48.73,49.029999,45.627303999999995,3124500
2013-12-27,49.150002,49.450001,48.650002,48.830002,45.441181,3828600
2013-12-30,48.98,49.43,48.91,49.25,45.832027000000004,3202800
2013-12-31,49.220001,49.610001000000004,49.18,49.549999,46.111225,3457300
2014-01-02,49.549999,49.860001000000004,49.150002,49.439999,46.008846000000005,5458300
2014-01-03,49.41,49.529999,48.830002,48.950001,45.552868,4257500
2014-01-06,48.970001,49.099998,48.040001000000004,48.259997999999996,44.910736,4923000
2014-01-07,48.400002,48.82,48.0,48.380001,45.022415,5541900
2014-01-08,48.279999,48.75,48.25,48.549999,45.180607,4875800
2014-01-09,48.75,48.880001,48.360001000000004,48.75,45.366737,4941400
2014-01-10,48.919998,49.779999,48.880001,49.68,46.232201,5736400
2014-01-13,49.400002,49.91,48.5,48.66,45.282982000000004,6403800
2014-01-14,48.610001000000004,48.93,48.369999,48.900002,45.506332,5498900
2014-01-15,48.98,49.029999,48.099998,48.290001000000004,44.938666999999995,6224600
2014-01-16,48.110001000000004,48.279999,47.77,48.18,44.836296000000004,4146200
2014-01-17,48.099998,48.139998999999996,47.560001,47.610001000000004,44.472004,5764000
2014-01-21,47.59,47.860001000000004,47.259997999999996,47.82,44.668152,7430100
2014-01-22,47.84,47.849998,47.18,47.75,44.602776,7916600
2014-01-23,47.549999,48.220001,47.25,48.150002,44.976409999999994,6938800
2014-01-24,47.779999,48.299999,47.73,47.830002,44.677502000000004,9086200
2014-01-27,47.779999,48.32,47.34,48.0,44.836296000000004,8050300
2014-01-28,46.75,47.380001,46.580002,46.959998999999996,43.864845,13364000
2014-01-29,46.57,46.889998999999996,45.779999,45.970001,42.940094,9922000
2014-01-30,46.310001,46.779999,45.959998999999996,46.5,43.435162,5772900
2014-01-31,46.009997999999996,46.799999,45.619999,46.290001000000004,43.239005999999996,6767300
2014-02-03,46.259997999999996,46.529999,45.48,45.599998,42.594482,7755000
2014-02-04,45.549999,45.73,44.779999,44.900002,41.940624,8399200
2014-02-05,44.82,45.669998,44.450001,45.529999,42.529087,8036000
2014-02-06,45.669998,46.639998999999996,45.599998,46.580002,43.509884,6486400
2014-02-07,46.110001000000004,46.259997999999996,45.439999,46.07,43.033508000000005,9641200
2014-02-10,46.110001000000004,46.419998,45.91,46.119999,43.080208,7342900
2014-02-11,45.98,46.939999,45.970001,46.759997999999996,43.678020000000004,6922100
2014-02-12,46.779999,47.09,46.560001,46.68,43.603302,6788200
2014-02-13,46.470001,46.810001,46.029999,46.639998999999996,43.565940999999995,5051600
2014-02-14,46.599998,47.389998999999996,46.459998999999996,47.279999,44.163746,3459900
2014-02-18,47.5,47.68,46.689999,46.93,43.836815,5454500
2014-02-19,46.810001,47.169998,46.509997999999996,46.540001000000004,43.47253,5460600
2014-02-20,46.669998,47.09,46.599998,46.66,43.584618,7724200
2014-02-21,46.66,47.299999,46.66,47.060001,43.958259999999996,7675200
2014-02-24,47.209998999999996,47.779999,47.209998999999996,47.220001,44.107704,7786700
2014-02-25,47.84,48.369999,47.759997999999996,48.110001000000004,44.939040999999996,10095100
2014-02-26,50.200001,51.279999,48.810001,50.720001,47.377026,18638100
2014-02-27,50.580002,51.02,50.389998999999996,50.82,47.470436,7249300
2014-02-28,50.880001,50.889998999999996,49.470001,50.029999,46.732498,9573400
2014-03-03,48.599998,50.580002,48.599998,50.189999,46.881947,7203400
2014-03-04,50.419998,50.779999,50.27,50.630001,47.292942,6390300
2014-03-05,50.740002000000004,50.779999,50.299999,50.349998,47.031406,5217200
2014-03-06,49.73,50.25,49.689999,50.09,46.788544,4380800
2014-03-07,50.5,50.529999,50.02,50.419998,47.096790000000006,4340500
2014-03-10,50.279999,50.5,49.98,49.990002000000004,46.695129,5132100
2014-03-11,50.099998,50.200001,49.279999,49.459998999999996,46.200062,4553000
2014-03-12,49.310001,49.389998999999996,48.939999,49.380001,46.12534,4435900
2014-03-13,49.529999,49.75,48.619999,48.709998999999996,45.4995,5587200
2014-03-14,49.09,49.619999,48.959998999999996,49.09,45.854454,5298700
2014-03-17,49.25,49.82,49.209998999999996,49.48,46.218746,4965200
2014-03-18,49.490002000000004,49.93,49.349998,49.830002,46.545677000000005,3910600
2014-03-19,49.939999,50.279999,49.279999,49.580002,46.312157,4315500
2014-03-20,49.41,49.610001000000004,49.23,49.549999,46.284138,4145500
2014-03-21,49.84,50.07,49.189999,49.25,46.003914,7777500
2014-03-24,49.32,49.580002,48.75,49.18,45.938522,5388400
2014-03-25,49.27,49.360001000000004,48.189999,48.360001000000004,45.172569,5955600
2014-03-26,48.459998999999996,48.830002,48.16,48.529999,45.331364,7082300
2014-03-27,48.389998999999996,48.57,48.220001,48.540001000000004,45.340709999999994,5300800
2014-03-28,48.84,49.02,48.630001,48.919998,45.695656,4016300
2014-03-31,49.110001000000004,49.139998999999996,48.759997999999996,48.900002,45.676978999999996,6694100
2014-04-01,49.07,49.790001000000004,49.049999,49.43,46.172039,3571000
2014-04-02,49.389998999999996,49.970001,49.290001000000004,49.52,46.256107,4846000
2014-04-03,49.5,49.59,48.889998999999996,49.049999,45.817085,4765600
2014-04-04,49.209998999999996,49.240002000000004,48.18,48.439999,45.247295,5951900
2014-04-07,48.450001,48.52,46.580002,46.77,43.687366,8818100
2014-04-08,46.75,46.91,46.41,46.73,43.650002,6887600
2014-04-09,46.82,47.610001000000004,46.509997999999996,47.540001000000004,44.406605,6023000
2014-04-10,47.490002000000004,47.860001000000004,46.75,46.790001000000004,43.706055,6203400
2014-04-11,46.66,46.720001,46.189999,46.310001,43.257683,4931500
2014-04-14,46.639998999999996,47.139998999999996,46.27,46.639998999999996,43.565940999999995,4698300
2014-04-15,46.959998999999996,46.959998999999996,45.790001000000004,46.709998999999996,43.631316999999996,5437900
2014-04-16,46.970001,47.18,46.560001,46.73,43.650002,4270900
2014-04-17,46.509997999999996,47.080002,46.290001000000004,46.799999,43.715389,4281000
2014-04-21,46.66,46.880001,46.509997999999996,46.68,43.771648,3140900
2014-04-22,46.75,47.880001,46.669998,47.540001000000004,44.578072,4687200
2014-04-23,47.529999,47.68,46.189999,46.220001,43.340305,7862500
2014-04-24,46.459998999999996,47.18,46.34,47.16,44.221745,4674800
2014-04-25,46.98,47.009997999999996,46.349998,46.380001,43.490349,4589200
2014-04-28,46.599998,47.200001,45.669998,46.380001,43.490349,7024100
2014-04-29,46.48,46.580002,46.139998999999996,46.43,43.537231,3888400
2014-04-30,46.299999,46.369999,45.650002,45.91,43.049633,6618800
2014-05-01,46.049999,46.689999,45.889998999999996,46.369999,43.480957000000004,4367100
2014-05-02,46.380001,47.34,46.380001,46.98,44.052963,4732300
2014-05-05,46.68,46.84,46.130001,46.290001000000004,43.405949,3984700
2014-05-06,46.189999,46.25,45.310001,45.389998999999996,42.562031,4586800
2014-05-07,45.599998,45.790001000000004,44.68,45.110001000000004,42.299461,5148500
2014-05-08,45.07,45.790001000000004,44.779999,45.02,42.215069,3718200
2014-05-09,45.009997999999996,45.73,44.889998999999996,45.709998999999996,42.86208,4023700
2014-05-12,45.830002,46.450001,45.82,46.279999,43.396576,2820500
2014-05-13,46.299999,46.630001,45.509997999999996,45.759997999999996,42.908966,3962300
2014-05-14,45.68,45.700001,44.990002000000004,45.169998,42.355728000000006,5480300
2014-05-15,44.91,44.91,44.130001,44.630001,41.849377000000004,7721200
2014-05-16,44.77,45.400002,44.77,45.360001000000004,42.533885999999995,5727100
2014-05-19,45.240002000000004,45.689999,45.0,45.549999,42.712047999999996,4567700
2014-05-20,46.009997999999996,46.290001000000004,45.25,45.52,42.683926,8853200
2014-05-21,45.400002,45.84,44.310001,45.41,42.58078,8572000
2014-05-22,45.200001,47.150002,45.200001,46.889998999999996,43.968567,8780800
2014-05-23,46.82,47.139998999999996,46.73,47.060001,44.127978999999996,5096400
2014-05-27,47.18,47.830002,47.150002,47.779999,44.803115999999996,5534400
2014-05-28,46.91,47.240002000000004,46.57,46.709998999999996,43.799786,6889900
2014-05-29,46.860001000000004,47.150002,46.450001,47.009997999999996,44.081089,3947800
2014-05-30,46.970001,47.110001000000004,46.57,47.080002,44.146736,4288900
2014-06-02,47.09,47.41,46.889998999999996,47.009997999999996,44.081089,4070800
2014-06-03,46.82,47.380001,46.799999,47.220001,44.278008,3560600
2014-06-04,47.09,47.400002,46.860001000000004,47.169998,44.231125,4501900
2014-06-05,47.34,47.610001000000004,47.060001,47.400002,44.4468,4300100
2014-06-06,47.529999,47.900002,47.439999,47.77,44.793746999999996,3860500
2014-06-09,47.66,48.25,47.529999,47.610001000000004,44.643707,3700200
2014-06-10,47.450001,47.75,47.279999,47.59,44.624953999999995,3588100
2014-06-11,47.380001,47.52,46.82,46.91,43.987316,4244900
2014-06-12,46.57,46.66,45.52,45.549999,42.712047999999996,11318400
2014-06-13,45.689999,45.830002,45.099998,45.450001,42.618282,6139500
2014-06-16,45.360001000000004,45.619999,45.209998999999996,45.419998,42.590153,6713500
2014-06-17,45.34,46.07,45.240002000000004,45.84,42.983986,8366900
2014-06-18,45.759997999999996,45.950001,45.5,45.84,42.983986,10408400
2014-06-19,45.939999,46.189999,45.610001000000004,45.900002,43.040240999999995,4751200
2014-06-20,46.080002,46.240002000000004,45.650002,46.02,43.152771,13871100
2014-06-23,45.98,46.23,45.84,46.080002,43.209038,6532800
2014-06-24,45.959998999999996,46.860001000000004,45.700001,46.509997999999996,43.61224,11137700
2014-06-25,46.580002,46.880001,46.389998999999996,46.700001,43.790409000000004,5059500
2014-06-26,46.830002,47.439999,46.75,47.200001,44.259254,5272000
2014-06-27,47.130001,47.57,47.07,47.419998,44.465538,5216600
2014-06-30,47.32,48.060001,47.07,47.990002000000004,45.000031,7388700
2014-07-01,48.029999,48.419998,47.970001,48.130001,45.131313,5843800
2014-07-02,48.16,48.389998999999996,48.0,48.119999,45.121928999999994,3097900
2014-07-03,48.220001,48.439999,48.18,48.23,45.225079,2132400
2014-07-07,48.099998,48.400002,47.970001,48.209998999999996,45.206322,4538000
2014-07-08,48.080002,48.150002,47.630001,47.82,44.840621999999996,5011300
2014-07-09,48.009997999999996,48.32,47.59,47.860001000000004,44.878136,5830900
2014-07-10,46.669998,47.419998,46.48,47.200001,44.259254,8008700
2014-07-11,47.18,47.509997999999996,47.09,47.439999,44.48431,4430800
2014-07-14,47.700001,47.700001,47.139998999999996,47.220001,44.278008,4358900
2014-07-15,47.349998,47.73,47.27,47.509997999999996,44.549942,5921700
2014-07-16,47.630001,47.77,47.23,47.66,44.690601,5318100
2014-07-17,47.419998,47.779999,47.220001,47.299999,44.35302,5010000
2014-07-18,47.450001,47.869999,47.380001,47.810001,44.831245,5211200
2014-07-21,47.619999,47.759997999999996,47.419998,47.580002,44.831245,3117900
2014-07-22,47.59,48.080002,47.540001000000004,47.790001000000004,45.029121,3222400
2014-07-23,47.77,48.0,47.599998,47.91,45.142181,3917900
2014-07-24,47.98,48.360001000000004,47.880001,48.0,45.226982,3934600
2014-07-25,47.810001,48.130001,47.549999,47.700001,44.944321,4531100
2014-07-28,47.759997999999996,47.849998,47.349998,47.689999,44.934886999999996,3192900
2014-07-29,47.720001,48.259997999999996,47.700001,48.040001000000004,45.264668,4181400
2014-07-30,48.200001,48.540001000000004,48.060001,48.470001,45.66983,4380500
2014-07-31,48.18,48.470001,47.849998,47.849998,45.085648,4740700
2014-08-01,47.889998999999996,48.130001,47.27,47.59,44.84066,5231200
2014-08-04,47.610001000000004,48.049999,47.599998,47.91,45.142181,3528100
2014-08-05,47.759997999999996,48.23,47.549999,47.639998999999996,44.887783,4879400
2014-08-06,47.59,48.220001,47.52,48.099998,45.321209,3968500
2014-08-07,48.259997999999996,48.5,47.799999,47.919998,45.1516,3175700
2014-08-08,48.259997999999996,49.790001000000004,48.200001,49.720001,46.847618,7386400
2014-08-11,49.84,49.950001,49.41,49.860001000000004,46.979534,4070500
2014-08-12,49.779999,49.950001,49.59,49.830002,46.951256,3287300
2014-08-13,49.91,50.299999,49.619999,49.849998,46.970108,4397800
2014-08-14,49.959998999999996,50.41,49.75,50.41,47.497753,3605200
2014-08-15,50.560001,51.189999,49.57,50.0,47.111435,6642200
2014-08-18,50.5,50.700001,50.34,50.450001,47.535446,4816800
2014-08-19,51.810001,52.0,51.279999,51.52,48.543636,9344800
2014-08-20,49.950001,52.66,49.700001,52.330002,49.306835,18405900
2014-08-21,52.639998999999996,53.040001000000004,52.490002000000004,52.669998,49.627186,7154100
2014-08-22,52.490002000000004,52.900002,52.130001,52.529999,49.495277,5062200
2014-08-25,52.799999,52.950001,52.5,52.700001,49.65546,3779300
2014-08-26,52.630001,52.970001,52.560001,52.580002,49.542396999999994,4814000
2014-08-27,52.68,52.84,52.459998999999996,52.52,49.485851000000004,4927900
2014-08-28,52.150002,52.689999,52.029999,52.540001000000004,49.504704,4357500
2014-08-29,52.5,52.73,52.259997999999996,52.509997999999996,49.476428999999996,3510600
2014-09-02,52.66,52.939999,52.029999,52.610001000000004,49.57066,5144200
2014-09-03,52.700001,53.040001000000004,52.360001000000004,52.91,49.853325,5820100
2014-09-04,53.0,53.700001,52.950001,53.610001000000004,50.512894,6665100
2014-09-05,53.529999,54.139998999999996,53.099998,54.110001000000004,50.984004999999996,5073300
2014-09-08,53.830002,54.130001,53.459998999999996,53.540001000000004,50.44693,4019800
2014-09-09,53.439999,53.540001000000004,52.91,53.029999,49.966393,3342000
2014-09-10,53.110001000000004,53.419998,52.889998999999996,53.389998999999996,50.305592,3265100
2014-09-11,53.040001000000004,53.200001,52.669998,53.080002,50.013508,6348500
2014-09-12,53.119999,53.380001,52.669998,52.970001,49.909863,5443500
2014-09-15,52.950001,53.240002000000004,52.709998999999996,53.130001,50.060612,4418200
2014-09-16,53.0,53.970001,52.91,53.700001,50.597687,5177600
2014-09-17,53.790001000000004,54.25,53.669998,53.860001000000004,50.748444,5878700
2014-09-18,53.950001,54.330002,53.799999,54.150002,51.021683,4199900
2014-09-19,54.380001,54.810001,53.82,54.09,50.965157,7181400
2014-09-22,53.919998,53.919998,53.299999,53.459998999999996,50.371552,3885200
2014-09-23,53.279999,53.48,53.060001,53.119999,50.051186,3488500
2014-09-24,53.150002,53.790001000000004,53.09,53.630001,50.531731,4567100
2014-09-25,53.450001,53.759997999999996,53.02,53.07,50.004086,4217000
2014-09-26,53.16,53.349998,52.889998999999996,53.18,50.107735,4428700
2014-09-29,52.970001,53.439999,52.759997999999996,53.349998,50.267902,4370900
2014-09-30,53.400002,53.439999,52.57,52.919998,49.86274,5349800
2014-10-01,52.759997999999996,53.060001,52.450001,52.599998,49.561234000000006,5502900
2014-10-02,52.619999,53.34,52.580002,53.029999,49.966393,4471800
2014-10-03,53.310001,53.720001,53.209998999999996,53.59,50.494038,4172500
2014-10-06,53.77,54.119999,53.380001,53.599998,50.503456,3237100
2014-10-07,53.299999,53.82,53.16,53.18,50.107735,4886100
2014-10-08,53.23,54.419998,53.139998999999996,54.34,51.200726,5806900
2014-10-09,54.25,54.75,53.830002,53.91,50.795555,6799500
2014-10-10,53.98,54.580002,53.68,53.700001,50.597687,7372000
2014-10-13,53.5,53.650002,52.360001000000004,52.470001,49.438744,8235900
2014-10-14,52.09,52.549999,51.200001,52.009997999999996,49.005322,11281900
2014-10-15,51.470001,51.669998,49.849998,51.209998999999996,48.251540999999996,10547500
2014-10-16,50.720001,51.830002,50.290001000000004,51.41,48.439987,5330200
2014-10-17,51.880001,52.900002,51.830002,52.509997999999996,49.476428999999996,7948100
2014-10-20,52.349998,53.630001,52.349998,53.490002000000004,50.621548,5876200
2014-10-21,53.66,54.610001000000004,53.459998999999996,54.59,51.662563,4316700
2014-10-22,54.5,54.849998,53.93,53.939999,51.047413,5093300
2014-10-23,54.43,55.189999,54.380001,54.959998999999996,52.012714,8477000
2014-10-24,54.849998,55.34,54.580002,55.330002,52.362877000000005,4586200
2014-10-27,55.209998999999996,55.830002,55.209998999999996,55.470001,52.495373,3365400
2014-10-28,55.66,56.060001,55.619999,56.060001,53.05373,4646400
2014-10-29,56.060001,56.389998999999996,55.52,55.810001,52.817131,3540200
2014-10-30,56.459998999999996,56.560001,55.91,56.27,53.252464,5001900
2014-10-31,57.0,57.41,56.919998,57.200001,54.132599,7772500
2014-11-03,57.200001,57.5,56.93,57.450001,54.36919,5337200
2014-11-04,57.389998999999996,57.450001,56.869999,57.259997999999996,54.189372999999996,4333100
2014-11-05,57.59,57.650002,56.759997999999996,56.939999,53.886539,4889600
2014-11-06,57.099998,57.700001,56.970001,57.57,54.482758,4127800
2014-11-07,57.509997999999996,58.040001000000004,57.5,57.689999,54.596317000000006,3907300
2014-11-10,57.689999,58.009997999999996,57.529999,57.830002,54.728809,3271900
2014-11-11,57.880001,58.119999,57.73,58.0,54.88969,3128800
2014-11-12,58.150002,58.349998,57.98,58.220001,55.097893000000006,5107500
2014-11-13,58.360001000000004,58.759997999999996,58.290001000000004,58.610001000000004,55.466984,3830700
2014-11-14,58.610001000000004,58.759997999999996,58.459998999999996,58.580002,55.438591,3748700
2014-11-17,58.52,59.16,58.48,58.889998999999996,55.731972,4721900
2014-11-18,58.209998999999996,58.700001,57.959998999999996,58.529999,55.39127,6582100
2014-11-19,61.23,62.48,60.84,62.259997999999996,58.92124200000001,11704900
2014-11-20,62.200001,62.830002,62.009997999999996,62.43,59.082133999999996,6089300
2014-11-21,62.790001000000004,63.59,62.48,63.259997999999996,59.867619,7490800
2014-11-24,63.470001,63.860001000000004,63.23,63.639998999999996,60.227244999999996,4630000
2014-11-25,63.759997999999996,64.139999,62.939999,62.950001,59.574245,6361400
2014-11-26,63.02,63.07,62.330002,62.860001000000004,59.489075,5405700
2014-11-28,63.139998999999996,64.120003,63.119999,63.830002,60.407051,2945300
2014-12-01,63.549999,63.869999,62.91,63.16,59.772987,4908200
2014-12-02,63.32,64.040001,63.220001,63.970001,60.539539000000005,5063800
2014-12-03,63.779999,64.540001,63.689999,64.300003,60.851852,4213500
2014-12-04,64.08000200000001,64.559998,63.880001,64.550003,61.088443999999996,4930400
2014-12-05,64.470001,64.879997,64.400002,64.860001,61.381828000000006,4710600
2014-12-08,64.82,66.309998,64.779999,66.089996,62.54586,6444600
2014-12-09,65.239998,66.019997,64.91999799999999,65.839996,62.30925799999999,5377100
2014-12-10,65.75,66.389999,65.08000200000001,65.129997,61.63734399999999,5625500
2014-12-11,65.559998,67.269997,65.440002,65.760002,62.233551,7175100
2014-12-12,65.66999799999999,66.25,64.83000200000001,64.870003,61.391289,5567100
2014-12-15,65.790001,65.959999,64.449997,65.32,61.81715,5549000
2014-12-16,64.839996,65.690002,64.07,64.220001,60.77614200000001,7126800
2014-12-17,64.449997,66.160004,64.449997,65.949997,62.413368000000006,4799800
2014-12-18,66.699997,66.860001,65.889999,66.620003,63.047451,6990400
2014-12-19,66.879997,67.190002,66.059998,66.900002,63.312412,10180300
2014-12-22,67.16999799999999,67.870003,67.010002,67.839996,64.202011,4333800
2014-12-23,68.059998,68.349998,67.690002,67.940002,64.296669,3897800
2014-12-24,67.949997,67.949997,67.389999,67.510002,63.889706000000004,1607400
2014-12-26,67.66999799999999,68.110001,67.489998,67.5,63.880253,2969500
2014-12-29,67.25,68.739998,67.16999799999999,68.57,64.892876,2936600
2014-12-30,68.339996,68.879997,68.160004,68.550003,64.873962,2879400
2014-12-31,68.739998,69.57,68.699997,68.800003,65.110535,4352000
2015-01-02,69.0,69.33000200000001,67.339996,67.699997,64.06952700000001,4212000
2015-01-05,67.190002,67.379997,65.889999,66.08000200000001,62.536395999999996,7335600
2015-01-06,66.529999,66.800003,65.360001,66.230003,62.67836,5247400
2015-01-07,66.860001,68.389999,66.839996,68.199997,64.54271700000001,4719600
2015-01-08,68.940002,69.989998,68.83000200000001,69.639999,65.905487,5536700
2015-01-09,69.550003,69.629997,68.269997,68.33000200000001,64.665726,5644000
2015-01-12,68.610001,68.720001,67.639999,67.849998,64.211487,4603000
2015-01-13,68.5,69.410004,67.349998,67.860001,64.220947,6028800
2015-01-14,67.150002,67.660004,66.860001,67.389999,63.776146,4810800
2015-01-15,67.639999,68.209999,66.220001,66.349998,62.791911999999996,5288300
2015-01-16,66.0,68.110001,65.900002,67.989998,64.56779499999999,4817200
2015-01-20,68.010002,68.379997,66.25,66.519997,63.171791000000006,5924700
2015-01-21,67.279999,67.870003,66.75,67.32,63.931506999999996,5182000
2015-01-22,67.68,69.629997,67.400002,69.550003,66.049278,7069200
2015-01-23,69.519997,70.139999,69.129997,69.709999,66.20121,4862600
2015-01-26,69.690002,70.5,69.41999799999999,70.440002,66.894478,5062700
2015-01-27,69.639999,70.010002,69.269997,69.849998,66.33416700000001,5846600
2015-01-28,70.239998,71.110001,69.150002,69.220001,65.735886,5372700
2015-01-29,69.43,70.239998,68.849998,69.93,66.41014100000001,6409400
2015-01-30,69.470001,69.620003,67.66999799999999,67.760002,64.349373,8963700
2015-02-02,67.58000200000001,68.489998,66.16999799999999,68.410004,64.96666,5695300
2015-02-03,69.08000200000001,69.660004,68.349998,69.629997,66.125259,5098800
2015-02-04,69.510002,71.32,69.43,70.66999799999999,67.11288499999999,6143700
2015-02-05,70.809998,71.5,70.730003,71.470001,67.87262700000001,4924500
2015-02-06,71.529999,72.25,71.269997,71.900002,68.280991,4803300
2015-02-09,71.449997,71.83000200000001,70.769997,70.949997,67.378807,2800400
2015-02-10,71.099998,71.889999,71.040001,71.760002,68.148041,4090000
2015-02-11,71.589996,71.870003,71.120003,71.43,67.834648,3049600
2015-02-12,71.58000200000001,72.239998,71.440002,72.190002,68.55639599999999,3437000
2015-02-13,72.059998,72.33000200000001,71.839996,72.050003,68.423447,2560100
2015-02-17,71.790001,72.589996,71.5,72.470001,68.822296,3690600
2015-02-18,72.470001,72.75,72.120003,72.519997,68.869766,3728300
2015-02-19,72.540001,72.849998,72.089996,72.290001,68.65136,3023000
2015-02-20,72.129997,73.57,71.75,73.559998,69.857437,4289900
2015-02-23,73.93,74.339996,73.269997,73.730003,70.018875,4902900
2015-02-24,75.610001,75.82,73.93,74.650002,70.89256999999999,9722800
2015-02-25,75.900002,75.980003,73.25,74.43,70.68364,9318100
2015-02-26,74.510002,75.029999,73.559998,74.099998,70.370239,7552300
2015-02-27,73.860001,74.769997,73.650002,74.089996,70.360748,4913700
2015-03-02,73.519997,75.209999,73.519997,75.089996,71.310425,5187200
2015-03-03,74.900002,75.190002,74.220001,75.010002,71.234459,3591100
2015-03-04,74.860001,74.940002,73.910004,74.019997,70.29428100000001,4971300
2015-03-05,74.379997,74.989998,74.379997,74.559998,70.807098,3516500
2015-03-06,73.959999,74.379997,73.33000200000001,73.510002,69.80994399999999,5833200
2015-03-09,73.529999,74.41999799999999,73.41999799999999,74.260002,70.522209,3292100
2015-03-10,73.760002,74.150002,73.059998,73.059998,69.382599,3839800
2015-03-11,73.16999799999999,73.589996,73.050003,73.07,69.39209,3526700
2015-03-12,73.5,74.980003,73.5,74.940002,71.167976,3572700
2015-03-13,74.940002,75.150002,73.739998,74.160004,70.427231,4138200
2015-03-16,74.690002,75.550003,74.690002,75.440002,71.642799,4163300
2015-03-17,74.980003,75.16999799999999,74.559998,74.57,70.81658900000001,3900500
2015-03-18,74.470001,74.720001,72.629997,74.519997,70.76911199999999,7009100
2015-03-19,74.690002,74.980003,74.160004,74.559998,70.807098,3786200
2015-03-20,74.639999,75.599998,74.25,75.230003,71.44339000000001,8080500
2015-03-23,75.550003,76.16999799999999,75.139999,75.370003,71.576324,5928500
2015-03-24,75.459999,76.25,75.230003,75.610001,71.804245,4899900
2015-03-25,75.690002,75.83000200000001,74.199997,74.260002,70.522209,4142900
2015-03-26,73.559998,73.690002,72.480003,72.860001,69.192673,7672900
2015-03-27,72.760002,73.75,72.760002,73.66999799999999,69.961906,3612300
2015-03-30,73.849998,74.989998,73.82,74.800003,71.03501899999999,3959700
2015-03-31,74.510002,75.370003,74.269997,74.389999,70.64565999999999,4518300
2015-04-01,74.32,74.849998,73.699997,74.389999,70.64565999999999,5898300
2015-04-02,74.25,75.07,74.16999799999999,74.839996,71.073006,3379000
2015-04-06,74.230003,75.639999,74.209999,75.059998,71.281937,4714000
2015-04-07,75.0,75.5,74.050003,74.110001,70.379745,3124800
2015-04-08,74.190002,74.949997,74.099998,74.809998,71.04451,3439200
2015-04-09,74.610001,75.160004,73.290001,74.25,70.512695,4473100
2015-04-10,74.5,74.940002,74.050003,74.900002,71.12999,3140400
2015-04-13,75.0,75.239998,73.769997,73.809998,70.094849,3448900
2015-04-14,73.790001,74.309998,73.010002,73.980003,70.256294,3606300
2015-04-15,74.059998,74.629997,73.379997,73.410004,69.714989,3088300
2015-04-16,73.769997,74.739998,73.639999,74.08000200000001,70.35125,3846100
2015-04-17,73.599998,73.889999,72.470001,72.550003,68.89827,5547400
2015-04-20,72.889999,73.129997,72.550003,72.629997,69.19360400000001,3607500
2015-04-21,72.860001,73.510002,72.809998,73.239998,69.774742,4046400
2015-04-22,73.190002,73.370003,72.559998,73.07,69.612778,3152500
2015-04-23,72.949997,73.900002,72.91999799999999,73.370003,69.89859799999999,4170800
2015-04-24,73.41999799999999,73.620003,72.989998,73.160004,69.69851700000001,2401000
2015-04-27,73.57,73.57,71.790001,71.839996,68.44097099999999,5629100
2015-04-28,71.599998,72.279999,71.050003,71.739998,68.345718,4181000
2015-04-29,71.529999,71.58000200000001,69.910004,70.440002,67.107231,4526700
2015-04-30,70.370003,70.889999,68.599998,68.860001,65.60198199999999,10950700
2015-05-01,67.66999799999999,70.769997,67.599998,70.699997,67.354912,9932000
2015-05-04,70.889999,71.410004,70.57,71.25,67.878899,4888600
2015-05-05,71.160004,71.410004,70.370003,70.43,67.097702,4017500
2015-05-06,70.43,70.870003,69.940002,70.769997,67.42160799999999,4356300
2015-05-07,70.879997,72.68,70.870003,72.290001,68.869675,5523400
2015-05-08,73.050003,73.93,72.989998,73.260002,69.79379300000001,4171200
2015-05-11,73.029999,73.93,72.959999,73.220001,69.75569200000001,3940400
2015-05-12,73.349998,73.93,72.940002,73.66999799999999,70.184387,3850000
2015-05-13,73.879997,73.879997,73.0,73.110001,69.650902,3292400
2015-05-14,73.239998,73.440002,72.019997,72.260002,68.84111,5763000
2015-05-15,72.440002,73.110001,72.040001,73.089996,69.63183599999999,4784800
2015-05-18,73.220001,73.279999,72.620003,73.059998,69.603256,4978100
2015-05-19,73.68,73.75,71.800003,71.83000200000001,68.43145799999999,8728300
2015-05-20,68.660004,69.650002,68.110001,68.5,65.25901,16012500
2015-05-21,68.5,69.879997,68.25,68.720001,65.46860500000001,8765500
2015-05-22,68.860001,69.839996,68.620003,69.540001,66.249802,4862500
2015-05-26,69.519997,69.959999,69.190002,69.58000200000001,66.287918,6815900
2015-05-27,69.940002,71.16999799999999,69.839996,70.720001,67.373993,5265300
2015-05-28,70.489998,70.879997,70.33000200000001,70.449997,67.116745,2814500
2015-05-29,70.220001,70.730003,69.779999,69.980003,66.668983,4125500
2015-06-01,69.959999,70.389999,69.699997,70.139999,66.82141899999999,4165400
2015-06-02,69.860001,70.690002,69.769997,70.150002,66.83094799999999,4807600
2015-06-03,70.190002,71.08000200000001,70.150002,70.650002,67.30727399999999,3433100
2015-06-04,70.040001,70.779999,69.800003,70.139999,66.82141899999999,4554600
2015-06-05,70.050003,70.25,69.720001,69.790001,66.487984,4291500
2015-06-08,69.699997,69.940002,68.68,68.68,65.430489,4431800
2015-06-09,68.790001,69.029999,67.769997,68.529999,65.28759000000001,5228600
2015-06-10,68.739998,69.279999,68.349998,69.16999799999999,65.897316,4768600
2015-06-11,69.33000200000001,70.150002,68.93,69.040001,65.77346,3605600
2015-06-12,68.75,69.639999,68.730003,69.029999,65.763931,4350900
2015-06-15,68.860001,69.190002,68.480003,69.110001,65.84013399999999,4989000
2015-06-16,68.870003,69.599998,68.83000200000001,69.400002,66.11644,3426000
2015-06-17,69.400002,69.959999,69.129997,69.66999799999999,66.37365,3380600
2015-06-18,69.760002,70.699997,69.760002,70.150002,66.83094799999999,4462400
2015-06-19,69.93,70.489998,69.709999,69.989998,66.678505,11947400
2015-06-22,70.489998,70.739998,70.059998,70.290001,66.96431700000001,4052800
2015-06-23,70.93,70.970001,70.300003,70.599998,67.259651,3634300
2015-06-24,70.550003,70.989998,70.059998,70.08000200000001,66.764259,3543900
2015-06-25,70.449997,70.849998,69.629997,69.660004,66.364136,3398400
2015-06-26,69.5,69.730003,68.480003,68.610001,65.363792,9297500
2015-06-29,68.300003,69.089996,67.5,67.529999,64.3349,5311200
2015-06-30,68.190002,68.199997,66.690002,66.970001,63.801398999999996,10150900
2015-07-01,67.449997,67.790001,66.959999,67.239998,64.05863199999999,5782900
2015-07-02,67.449997,67.769997,66.410004,66.699997,63.544167,6064900
2015-07-06,66.33000200000001,66.800003,65.980003,66.25,63.115463,10279900
2015-07-07,66.459999,67.43,65.83000200000001,67.370003,64.18248,8437900
2015-07-08,66.589996,67.410004,66.480003,66.529999,63.38223299999999,4941600
2015-07-09,67.300003,67.519997,66.849998,67.019997,63.849030000000006,3767900
2015-07-10,67.459999,68.269997,67.220001,67.849998,64.639778,4157900
2015-07-13,68.400002,68.660004,68.050003,68.300003,65.068489,4158300
2015-07-14,68.0,68.400002,67.57,68.389999,65.154228,4981900
2015-07-15,68.160004,68.66999799999999,67.93,68.269997,65.03989399999999,3532800
2015-07-16,67.949997,68.529999,67.339996,68.230003,65.001801,5654600
2015-07-17,67.93,68.099998,67.050003,67.529999,64.3349,6601200
2015-07-20,66.5,67.099998,66.0,66.699997,63.808735,5332000
2015-07-21,66.58000200000001,66.91999799999999,66.16999799999999,66.389999,63.512177,5375100
2015-07-22,66.599998,67.510002,66.599998,67.440002,64.51666999999999,4921000
2015-07-23,67.620003,68.160004,67.220001,67.699997,64.765396,4169300
2015-07-24,67.889999,67.93,67.08000200000001,67.18,64.267944,3629000
2015-07-27,67.040001,67.41999799999999,66.720001,67.040001,64.13401,3422500
2015-07-28,67.25,68.0,66.660004,67.800003,64.86106099999999,4398000
2015-07-29,67.959999,68.870003,67.779999,68.739998,65.760307,5205900
2015-07-30,68.379997,69.0,68.019997,68.860001,65.87512199999999,3566900
2015-07-31,69.239998,69.800003,68.82,69.360001,66.353447,4316400
2015-08-03,69.16999799999999,69.349998,68.32,68.910004,65.922951,5576800
2015-08-04,69.110001,69.839996,68.779999,69.360001,66.353447,3132500
2015-08-05,69.91999799999999,70.209999,69.519997,69.940002,66.908295,3914900
2015-08-06,69.940002,70.099998,69.099998,69.309998,66.305611,4840900
2015-08-07,69.300003,69.629997,68.959999,69.529999,66.516068,3310300
2015-08-10,69.980003,70.18,69.41999799999999,69.57,66.554344,5759400
2015-08-11,68.889999,69.639999,68.870003,69.41999799999999,66.41083499999999,5476800
2015-08-12,68.949997,69.050003,68.07,68.970001,65.980362,5001700
2015-08-13,69.150002,71.91999799999999,69.010002,71.209999,68.123245,8551500
2015-08-14,71.290001,72.279999,71.139999,72.110001,68.984245,5805900
2015-08-17,71.870003,72.58000200000001,71.400002,72.480003,69.33820300000001,5238500
2015-08-18,73.16999799999999,73.5,72.709999,73.019997,69.85479000000001,10796100
2015-08-19,72.57,74.529999,72.25,74.370003,71.146271,11734100
2015-08-20,73.959999,74.779999,73.18,73.18,70.007858,7023200
2015-08-21,72.540001,73.08000200000001,71.010002,71.110001,68.027588,8210600
2015-08-24,67.610001,70.07,64.220001,68.309998,65.34895300000001,10961200
2015-08-25,70.019997,70.190002,66.900002,66.989998,64.086174,7464100
2015-08-26,68.699997,69.33000200000001,66.33000200000001,68.75,65.76989,6497100
2015-08-27,69.260002,69.650002,67.75,69.059998,66.066452,6607900
2015-08-28,69.040001,69.339996,68.099998,68.449997,65.482895,6282600
2015-08-31,68.5,69.459999,68.239998,69.16999799999999,66.171677,6766500
2015-09-01,67.879997,68.470001,67.389999,67.75,64.81324000000001,7114300
2015-09-02,68.699997,69.059998,68.08000200000001,69.040001,66.04731,4452600
2015-09-03,69.209999,69.940002,68.889999,69.099998,66.104713,3419500
2015-09-04,68.300003,68.5,67.279999,67.800003,64.86106099999999,3235700
2015-09-08,68.510002,69.349998,68.150002,69.309998,66.305611,4103000
2015-09-09,69.849998,69.900002,67.940002,68.110001,65.157616,4061700
2015-09-10,67.870003,68.629997,67.599998,67.93,64.985435,4538100
2015-09-11,67.779999,68.66999799999999,67.58000200000001,68.629997,65.65509,3415200
2015-09-14,68.599998,69.0,67.980003,68.150002,65.1959,2645100
2015-09-15,68.58000200000001,69.860001,68.010002,69.440002,66.42997,5777000
2015-09-16,69.43,70.260002,69.190002,70.07,67.032684,3765500
2015-09-17,70.25,71.589996,69.870003,70.480003,67.42489599999999,4367400
2015-09-18,69.93,70.0,68.0,68.190002,65.234169,8684300
2015-09-21,68.389999,70.029999,68.32,69.599998,66.583031,5276100
2015-09-22,68.93,69.239998,68.029999,68.66999799999999,65.693359,3926200
2015-09-23,68.57,68.91999799999999,68.33000200000001,68.730003,65.750755,2391100
2015-09-24,68.300003,68.66999799999999,67.480003,68.480003,65.511597,4180000
2015-09-25,69.139999,69.529999,68.349998,68.690002,65.712486,3628600
2015-09-28,68.440002,68.989998,67.050003,67.150002,64.239243,5607500
2015-09-29,67.150002,67.989998,66.220001,66.769997,63.875713,4355300
2015-09-30,67.709999,69.010002,67.709999,68.91999799999999,65.93251,4857900
2015-10-01,69.040001,69.849998,68.33000200000001,69.790001,66.764809,5185200
2015-10-02,68.82,70.260002,68.160004,70.230003,67.185738,4389900
2015-10-05,70.849998,71.849998,70.650002,71.769997,68.65898100000001,4492000
2015-10-06,71.489998,71.790001,70.75,71.190002,68.10412600000001,5256800
2015-10-07,71.610001,71.93,71.089996,71.790001,68.678116,4679400
2015-10-08,70.860001,73.269997,70.75,73.16999799999999,69.998283,3966000
2015-10-09,73.050003,73.449997,72.599998,73.33000200000001,70.15136,3403500
2015-10-12,73.190002,73.980003,73.110001,73.809998,70.61055,2789400
2015-10-13,73.66999799999999,73.959999,72.800003,72.970001,69.806946,4102000
2015-10-14,72.900002,73.220001,71.559998,72.040001,68.917274,3758200
2015-10-15,72.470001,72.790001,71.699997,72.650002,69.500847,3016300
2015-10-16,73.120003,73.400002,72.57,72.779999,69.62518299999999,4149500
2015-10-19,72.370003,73.449997,72.269997,73.43,70.518333,3765600
2015-10-20,73.370003,73.410004,72.540001,72.839996,69.951706,3615400
2015-10-21,73.230003,73.41999799999999,72.529999,72.720001,69.836472,2982700
2015-10-22,72.739998,73.639999,72.160004,73.41999799999999,70.508705,3810200
2015-10-23,73.779999,73.93,72.559998,73.550003,70.63356,3344500
2015-10-26,73.620003,74.41999799999999,73.0,74.160004,71.219376,4114400
2015-10-27,74.0,74.209999,73.160004,73.550003,70.63356,3387800
2015-10-28,73.75,74.190002,72.800003,74.019997,71.084923,3770000
2015-10-29,74.0,74.110001,73.010002,73.870003,70.940872,2914200
2015-10-30,73.839996,74.57,73.779999,73.83000200000001,70.902458,4418900
2015-11-02,73.900002,74.290001,73.050003,73.769997,70.844841,3880200
2015-11-03,73.779999,74.110001,73.300003,73.949997,71.0177,3174200
2015-11-04,74.16999799999999,74.199997,73.019997,73.099998,70.201401,5475900
2015-11-05,73.360001,74.07,73.010002,73.58000200000001,70.662361,3334400
2015-11-06,73.190002,73.58000200000001,72.650002,73.139999,70.239807,4223300
2015-11-09,72.989998,73.120003,71.470001,72.019997,69.16422299999999,5622000
2015-11-10,71.989998,73.379997,71.949997,73.339996,70.431885,3789300
2015-11-11,73.25,73.25,72.110001,72.120003,69.260269,3213700
2015-11-12,71.91999799999999,73.75,71.800003,72.709999,69.826859,5641300
2015-11-13,72.120003,72.370003,69.93,70.089996,67.310753,6960900
2015-11-16,69.860001,71.709999,69.75,71.639999,68.79929399999999,5583600
2015-11-17,74.150002,74.370003,72.599998,72.849998,69.96131899999999,10214000
2015-11-18,74.279999,74.58000200000001,71.599998,73.480003,70.566338,9541400
2015-11-19,73.480003,74.110001,73.139999,73.389999,70.479904,7321800
2015-11-20,73.900002,76.019997,73.83000200000001,75.769997,72.765518,6589700
2015-11-23,75.779999,77.260002,75.779999,76.66999799999999,73.629829,5280900
2015-11-24,76.440002,77.940002,76.290001,77.389999,74.32128900000001,5431700
2015-11-25,77.400002,78.129997,76.809998,77.610001,74.53256999999999,5265000
2015-11-27,77.900002,78.0,77.150002,77.339996,74.27327700000001,2255300
2015-11-30,77.389999,77.470001,76.43,76.599998,73.56262199999999,6815000
2015-12-01,76.910004,77.379997,76.459999,77.129997,74.071609,3477300
2015-12-02,76.879997,77.32,76.239998,76.300003,73.274506,7085400
2015-12-03,76.190002,76.519997,74.879997,75.120003,72.141304,5191700
2015-12-04,75.33000200000001,76.870003,75.089996,76.760002,73.716263,4374800
2015-12-07,76.459999,76.720001,75.730003,76.449997,73.418564,3277900
2015-12-08,76.32,77.489998,75.93,77.16999799999999,74.110016,4019600
2015-12-09,76.900002,77.629997,75.870003,76.120003,73.101662,3039400
2015-12-10,75.970001,76.75,75.91999799999999,76.16999799999999,73.149666,2941800
2015-12-11,75.360001,76.129997,74.769997,75.010002,72.035667,3686500
2015-12-14,75.260002,75.959999,74.769997,75.650002,72.650284,4407700
2015-12-15,76.129997,76.760002,74.849998,74.900002,71.93002299999999,4646300
2015-12-16,75.040001,76.339996,73.889999,76.129997,73.111244,5063200
2015-12-17,76.220001,76.599998,74.660004,74.900002,71.93002299999999,4419200
2015-12-18,74.760002,74.769997,73.870003,73.889999,70.960075,6948400
2015-12-21,74.5,75.099998,74.040001,74.889999,71.920425,3418500
2015-12-22,74.910004,75.449997,74.32,75.160004,72.17971,3421800
2015-12-23,76.110001,76.43,75.440002,76.160004,73.14007600000001,3258200
2015-12-24,75.83000200000001,76.639999,75.75,76.279999,73.25531,1758900
2015-12-28,75.989998,76.559998,75.860001,76.440002,73.408951,2760300
2015-12-29,76.93,77.66999799999999,76.83000200000001,77.129997,74.071609,2661100
2015-12-30,76.980003,77.529999,76.790001,76.860001,73.812302,2209200
2015-12-31,76.459999,76.93,76.019997,76.040001,73.024826,2388200
2016-01-04,74.690002,75.57,74.5,75.279999,72.29496,6534600
2016-01-05,75.440002,76.470001,74.910004,75.440002,72.448616,5198800
2016-01-06,74.510002,74.75,73.400002,73.940002,71.008087,5326500
2016-01-07,72.839996,73.879997,71.75,72.07,69.212242,6401600
2016-01-08,72.66999799999999,72.800003,70.68,70.879997,68.069427,5325500
2016-01-11,71.449997,73.089996,71.290001,72.68,69.798058,5438800
2016-01-12,73.279999,74.279999,72.370003,73.269997,70.364655,4649500
2016-01-13,73.639999,73.730003,69.540001,69.900002,67.12829599999999,7755300
2016-01-14,69.849998,70.610001,67.650002,69.910004,67.137901,8323000
2016-01-15,67.75,70.360001,67.739998,68.989998,66.520798,7995100
2016-01-19,70.809998,71.040001,68.790001,69.459999,66.973984,6642800
2016-01-20,68.870003,69.519997,66.93,68.07,65.63372,9844100
2016-01-21,68.57,69.940002,68.25,69.32,66.838989,7615500
2016-01-22,70.360001,70.900002,70.190002,70.5,67.97674599999999,5722200
2016-01-25,70.660004,71.0,69.839996,69.900002,67.398247,5640100
2016-01-26,70.66999799999999,70.690002,69.599998,70.0,67.494652,4638400
2016-01-27,70.019997,70.949997,69.019997,69.550003,67.06076,5342100
2016-01-28,69.889999,70.0,68.91999799999999,69.230003,66.75222,5036200
2016-01-29,70.0,71.769997,69.550003,71.660004,69.09524499999999,6143600
2016-02-01,70.540001,72.889999,70.540001,72.660004,70.05945600000001,5385000
2016-02-02,72.300003,72.629997,71.309998,71.870003,69.297722,5250800
2016-02-03,71.379997,71.379997,65.059998,67.41999799999999,65.006989,17607500
2016-02-04,67.839996,68.32,66.300003,67.959999,65.52765699999999,8925600
2016-02-05,68.08000200000001,68.519997,65.519997,65.839996,63.483532,7501800
2016-02-08,65.379997,65.389999,62.619999,63.549999,61.275501,8311000
2016-02-09,63.07,64.860001,62.900002,64.150002,61.854023,5860100
2016-02-10,64.449997,65.400002,64.0,64.059998,61.767235,4219000
2016-02-11,63.080002,63.970001,62.68,63.400002,61.130867,4746300
2016-02-12,63.400002,64.93,63.400002,64.870003,62.548264,4260000
2016-02-16,66.900002,67.690002,65.550003,67.43,65.016632,7764900
2016-02-17,68.0,68.279999,67.559998,68.0,65.566231,6145300
2016-02-18,68.279999,68.33000200000001,66.940002,67.720001,65.296257,5887600
2016-02-19,67.779999,68.57,66.839996,68.519997,66.067619,4967900
2016-02-22,68.519997,69.870003,68.519997,69.470001,66.983612,6246600
2016-02-23,71.459999,71.480003,67.839996,67.900002,65.46981,10980400
2016-02-24,66.089996,69.25,64.849998,68.620003,66.16404,12532500
2016-02-25,68.620003,69.629997,67.900002,68.699997,66.24116500000001,5839600
2016-02-26,69.400002,69.849998,68.83000200000001,69.099998,66.62685400000001,5287900
2016-02-29,68.839996,69.75,67.470001,67.529999,65.113068,6373100
2016-03-01,68.18,69.129997,66.91999799999999,69.040001,66.569008,5590400
2016-03-02,68.849998,69.529999,68.470001,69.089996,66.617203,4286200
2016-03-03,68.589996,69.970001,68.5,69.93,67.427155,4474700
2016-03-04,69.690002,70.980003,69.480003,70.389999,67.870689,5022600
2016-03-07,69.849998,71.199997,69.83000200000001,70.769997,68.237091,4779000
2016-03-08,70.32,71.879997,70.150002,70.989998,68.449211,5702400
2016-03-09,71.089996,71.660004,70.5,70.849998,68.314224,3358300
2016-03-10,71.25,71.730003,69.839996,70.699997,68.169586,3961700
2016-03-11,71.360001,72.25,71.220001,72.120003,69.53877299999999,3912300
2016-03-14,72.0,73.099998,71.959999,72.75,70.146233,4127400
2016-03-15,72.300003,74.32,72.220001,73.099998,70.483696,5604600
2016-03-16,72.68,74.239998,72.559998,73.779999,71.139359,5099500
2016-03-17,73.519997,74.230003,73.18,74.019997,71.370773,4150000
2016-03-18,74.08000200000001,75.160004,73.970001,74.93,72.248192,6499900
2016-03-21,74.650002,75.360001,74.300003,75.220001,72.527817,5383400
2016-03-22,74.730003,75.599998,74.730003,75.25,72.556732,5431300
2016-03-23,75.260002,75.519997,74.639999,74.779999,72.103569,3778000
2016-03-24,74.349998,74.879997,73.83000200000001,74.769997,72.093918,3677400
2016-03-28,74.870003,75.290001,74.690002,74.989998,72.306053,2925900
2016-03-29,75.040001,75.970001,74.790001,75.66999799999999,72.96171600000001,3257100
2016-03-30,75.889999,76.269997,75.68,76.019997,73.29917900000001,3170200
2016-03-31,76.0,76.379997,75.610001,75.75,73.038849,3681600
2016-04-01,75.629997,76.75,75.339996,76.5,73.762001,3548300
2016-04-04,77.5,77.5,76.050003,76.18,73.453461,3847300
2016-04-05,75.650002,76.529999,75.550003,75.870003,73.15456400000001,4080500
2016-04-06,75.83000200000001,76.400002,75.489998,76.089996,73.366676,4533500
2016-04-07,75.870003,76.0,74.889999,75.349998,72.65316,4450700
2016-04-08,75.620003,75.790001,74.66999799999999,75.029999,72.344604,3758700
2016-04-11,75.089996,76.08000200000001,75.010002,75.150002,72.46032,3852100
2016-04-12,75.379997,76.010002,75.199997,75.730003,73.01956899999999,3835600
2016-04-13,76.110001,76.800003,75.629997,76.660004,73.91629,4192900
2016-04-14,76.510002,76.910004,75.940002,76.5,73.762001,3653900
2016-04-15,76.589996,77.459999,76.339996,77.309998,74.543015,4967200
2016-04-18,77.120003,77.629997,76.889999,77.360001,74.862358,3609000
2016-04-19,77.339996,77.629997,75.93,76.410004,73.943039,4822000
2016-04-20,76.610001,76.809998,76.019997,76.339996,73.87529,4043900
2016-04-21,76.970001,76.970001,75.75,75.83000200000001,73.381752,4000600
2016-04-22,75.860001,76.309998,75.300003,76.050003,73.594658,2754800
2016-04-25,75.66999799999999,76.190002,75.400002,76.190002,73.730133,3258300
2016-04-26,76.339996,76.699997,75.650002,76.32,73.855942,3480500
2016-04-27,76.489998,77.230003,76.16999799999999,76.940002,74.455925,3245800
2016-04-28,76.290001,76.629997,75.220001,75.389999,72.95597099999999,3188900
2016-04-29,75.459999,76.129997,74.860001,76.019997,73.565628,6631900
2016-05-02,75.33000200000001,76.730003,75.019997,76.139999,73.681747,4256400
2016-05-03,75.879997,76.089996,75.139999,75.709999,73.265625,3020500
2016-05-04,75.129997,76.089996,74.849998,75.83000200000001,73.381752,2764700
2016-05-05,75.800003,75.91999799999999,75.019997,75.139999,72.714027,4079100
2016-05-06,75.110001,75.620003,74.559998,75.540001,73.10112,3420800
2016-05-09,75.800003,76.339996,75.519997,75.839996,73.391434,3153800
2016-05-10,76.120003,77.199997,75.93,76.989998,74.504311,4600700
2016-05-11,76.529999,76.720001,75.0,75.129997,72.70436099999999,4770200
2016-05-12,75.32,75.82,75.010002,75.400002,72.965652,3898100
2016-05-13,75.08000200000001,76.300003,74.989998,75.010002,72.58824200000001,5646900
2016-05-16,75.019997,77.360001,75.010002,77.0,74.513977,6820800
2016-05-17,76.360001,76.660004,75.559998,76.07,73.614014,9063100
2016-05-18,77.5,79.489998,77.360001,78.599998,76.062332,13765700
2016-05-19,78.610001,80.0,78.230003,79.860001,77.281654,7037500
2016-05-20,80.129997,80.33000200000001,79.510002,79.82,77.242935,4900600
2016-05-23,79.599998,79.959999,78.790001,78.870003,76.323616,5112600
2016-05-24,79.07,79.949997,78.93,79.599998,77.030037,5556000
2016-05-25,79.660004,80.610001,79.650002,79.940002,77.35906999999999,4137500
2016-05-26,79.940002,80.410004,79.699997,80.160004,77.571968,3104000
2016-05-27,80.160004,80.690002,79.970001,80.349998,77.755821,2683500
2016-05-31,80.349998,80.480003,79.760002,80.129997,77.54293100000001,5581100
2016-06-01,80.129997,80.559998,79.489998,80.269997,77.67840600000001,4205800
2016-06-02,80.41999799999999,80.760002,79.82,80.760002,78.152588,4661700
2016-06-03,80.470001,80.559998,79.559998,80.010002,77.426811,3685300
2016-06-06,79.150002,79.260002,77.959999,78.449997,75.917168,6643100
2016-06-07,78.769997,80.139999,78.639999,79.540001,76.971985,5259700
2016-06-08,79.33000200000001,79.489998,78.5,78.879997,76.333275,4251100
2016-06-09,78.75,79.059998,78.41999799999999,78.66999799999999,76.13005799999999,3367000
2016-06-10,78.400002,78.510002,77.940002,78.309998,75.781677,3883400
2016-06-13,78.290001,78.449997,77.41999799999999,77.5,74.997833,4729600
2016-06-14,77.220001,77.300003,75.610001,76.08000200000001,73.623695,8076700
2016-06-15,76.480003,77.980003,76.43,77.040001,74.552704,6237000
2016-06-16,76.860001,78.360001,76.650002,78.16999799999999,75.646202,5775100
2016-06-17,77.870003,78.730003,77.779999,78.41999799999999,75.888153,7968600
2016-06-20,78.940002,79.510002,78.510002,78.589996,76.05265,4146600
2016-06-21,78.650002,78.83000200000001,78.08000200000001,78.33000200000001,75.801048,3765000
2016-06-22,78.589996,79.239998,78.220001,78.349998,75.82040400000001,3572400
2016-06-23,78.959999,79.120003,77.959999,78.57,76.033287,3701900
2016-06-24,76.519997,78.050003,76.400002,77.059998,74.57204399999999,5995300
2016-06-27,76.349998,76.660004,75.349998,76.32,73.855942,5755800
2016-06-28,76.989998,78.07,76.519997,78.029999,75.510735,4652000
2016-06-29,78.25,78.699997,77.489998,77.760002,75.249443,5958800
2016-06-30,77.760002,79.800003,77.519997,79.16999799999999,76.613922,7606600
2016-07-01,79.339996,80.230003,79.209999,79.599998,77.030037,4136600
2016-07-05,79.480003,79.599998,78.82,79.41999799999999,76.85585,4100800
2016-07-06,79.400002,80.110001,79.339996,80.089996,77.504227,4372800
2016-07-07,79.910004,80.57,79.870003,80.480003,77.88163,3816600
2016-07-08,81.040001,82.41999799999999,80.980003,82.339996,79.681572,5307200
2016-07-11,82.68,83.260002,82.68,82.800003,80.126724,3479400
2016-07-12,83.110001,83.650002,82.620003,82.940002,80.262215,5347200
2016-07-13,82.900002,82.900002,81.290001,81.650002,79.013847,5405700
2016-07-14,82.209999,82.489998,81.699997,82.129997,79.47835500000001,3332100
2016-07-15,82.239998,82.75,81.540001,81.66999799999999,79.033211,5409100
2016-07-18,81.889999,82.510002,81.57,81.91999799999999,79.616341,3728000
2016-07-19,81.75,82.050003,81.16999799999999,81.41999799999999,79.130386,5296100
2016-07-20,81.83000200000001,81.849998,80.739998,81.209999,78.926292,6853500
2016-07-21,80.589996,80.839996,79.66999799999999,80.150002,77.896111,6020600
2016-07-22,80.459999,80.769997,80.209999,80.650002,78.38205,3384900
2016-07-25,80.860001,81.18,80.43,80.989998,78.712486,2865500
2016-07-26,80.790001,81.620003,80.75,81.059998,78.780518,2889200
2016-07-27,81.379997,81.949997,80.5,80.760002,78.48895300000001,2919000
2016-07-28,80.760002,82.410004,80.690002,82.269997,79.956497,4343500
2016-07-29,81.970001,82.540001,81.879997,82.279999,79.96620899999999,3471400
2016-08-01,81.910004,82.540001,81.709999,82.309998,79.995369,2912800
2016-08-02,82.559998,82.620003,81.300003,81.970001,79.664932,3768200
2016-08-03,81.900002,82.019997,81.029999,82.019997,79.71352399999999,3398600
2016-08-04,81.18,82.089996,80.519997,80.940002,78.66390200000001,3971100
2016-08-05,81.43,82.160004,81.43,81.720001,79.42196700000001,3706000
2016-08-08,81.720001,81.879997,81.300003,81.620003,79.324776,2410800
2016-08-09,81.339996,82.0,81.129997,81.339996,79.05265,3172300
2016-08-10,81.629997,81.839996,80.559998,80.980003,78.702774,3785200
2016-08-11,81.57,82.089996,80.790001,81.610001,79.315063,4066200
2016-08-12,81.0,82.129997,81.0,81.720001,79.42196700000001,4095000
2016-08-15,82.089996,82.68,81.309998,81.540001,79.247025,5315400
2016-08-16,81.599998,82.32,80.809998,81.480003,79.188705,6050200
2016-08-17,77.66999799999999,78.050003,75.809998,76.879997,74.718071,19108700
2016-08-18,76.879997,77.0,76.349998,76.43,74.280716,7807000
2016-08-19,76.32,77.870003,76.16999799999999,77.82,75.631638,6491200
2016-08-22,78.0,78.58000200000001,77.199997,77.290001,75.116539,4502700
2016-08-23,77.839996,78.0,77.260002,77.300003,75.126244,3252600
2016-08-24,78.040001,78.139999,76.790001,76.959999,74.795815,5404300
2016-08-25,76.68,77.709999,76.68,77.470001,75.291473,4935500
2016-08-26,77.43,77.989998,76.639999,76.900002,74.737503,3827400
2016-08-29,76.910004,77.349998,76.75,77.18,75.009628,4511000
2016-08-30,77.139999,77.410004,76.43,76.559998,74.407059,3026100
2016-08-31,76.589996,76.720001,76.269997,76.559998,74.407059,4638600
2016-09-01,76.690002,76.839996,75.879997,76.440002,74.290428,3852200
2016-09-02,76.75,77.08000200000001,76.550003,76.959999,74.795815,3314900
2016-09-06,76.889999,77.0,75.559998,76.010002,73.872536,4779700
2016-09-07,75.970001,76.0,75.010002,75.440002,73.318565,5481100
2016-09-08,74.57,75.059998,73.91999799999999,74.129997,72.045395,7467000
2016-09-09,73.540001,73.769997,71.769997,71.769997,69.751762,7632800
2016-09-12,71.199997,72.660004,70.860001,72.5,70.461235,6165800
2016-09-13,71.93,72.099998,70.879997,71.08000200000001,69.08116899999999,5405700
2016-09-14,71.050003,71.589996,70.889999,71.120003,69.120049,5596400
2016-09-15,70.83000200000001,71.529999,70.410004,71.309998,69.304688,3942800
2016-09-16,71.019997,71.18,70.43,70.949997,68.954819,6527100
2016-09-19,70.949997,71.650002,70.900002,71.309998,69.304688,5210100
2016-09-20,71.699997,72.089996,71.300003,71.370003,69.363022,4488100
2016-09-21,71.360001,72.120003,71.110001,72.050003,70.023895,4511800
2016-09-22,72.25,72.589996,71.760002,72.08000200000001,70.053032,4210800
2016-09-23,72.190002,72.980003,71.730003,72.349998,70.315445,6053000
2016-09-26,71.91999799999999,72.08000200000001,70.760002,70.809998,68.818764,7550300
2016-09-27,71.010002,71.699997,70.730003,71.5,69.489349,4821900
2016-09-28,71.879997,72.41999799999999,71.260002,71.760002,69.74204300000001,8176200
2016-09-29,72.470001,73.58000200000001,72.010002,72.010002,69.985016,6404500
2016-09-30,72.059998,72.480003,71.379997,72.209999,70.17939,6714200
2016-10-03,72.059998,72.440002,71.949997,72.190002,70.15995,5366800
2016-10-04,72.239998,73.050003,72.18,72.699997,70.655609,6389100
2016-10-05,72.660004,73.220001,72.209999,72.25,70.218262,4503700
2016-10-06,70.489998,72.269997,70.290001,72.089996,70.06276700000001,6920000
2016-10-07,72.0,72.870003,71.089996,71.300003,69.294983,5418500
2016-10-10,71.75,71.849998,70.900002,70.970001,68.97425799999999,4323600
2016-10-11,70.900002,70.980003,69.970001,70.089996,68.119003,4919400
2016-10-12,70.269997,71.779999,70.25,71.32,69.314415,5764100
2016-10-13,71.07,71.360001,70.33000200000001,71.099998,69.10060899999999,4403500
2016-10-14,71.57,71.93,71.239998,71.349998,69.343575,5659900
2016-10-17,70.650002,71.08000200000001,69.940002,69.980003,68.347382,4986800
2016-10-18,70.529999,70.660004,69.57,70.239998,68.601295,5939600
2016-10-19,70.220001,70.239998,68.889999,69.589996,67.966461,6770200
2016-10-20,69.529999,70.120003,69.370003,69.889999,68.259476,6163800
2016-10-21,69.459999,70.91999799999999,69.389999,70.650002,69.00174,5725000
2016-10-24,71.059998,71.550003,70.800003,70.980003,69.324051,4524700
2016-10-25,69.410004,69.589996,68.309998,68.470001,66.872597,8714200
2016-10-26,67.190002,68.019997,67.0,67.370003,65.79825600000001,9071900
2016-10-27,67.75,68.0,66.959999,67.160004,65.59317,5300400
2016-10-28,67.160004,67.66999799999999,66.709999,67.029999,65.466187,8565100
2016-10-31,66.709999,66.980003,66.379997,66.650002,65.095062,6272400
2016-11-01,66.440002,66.690002,65.18,65.629997,64.098846,6392300
2016-11-02,65.720001,67.269997,65.660004,66.559998,65.00715600000001,5432300
2016-11-03,67.059998,67.08000200000001,66.41999799999999,66.589996,65.036461,4572300
2016-11-04,66.739998,67.120003,66.220001,66.25,64.70438399999999,4748900
2016-11-07,67.110001,67.66999799999999,67.010002,67.230003,65.661537,4539700
2016-11-08,67.120003,67.25,66.639999,66.809998,65.25131999999999,6777900
2016-11-09,65.5,68.160004,64.870003,67.839996,66.25729399999999,7621100
2016-11-10,68.400002,70.480003,68.25,69.459999,67.8395,9759600
2016-11-11,69.32,70.059998,69.160004,69.730003,68.10320300000001,6572300
2016-11-14,70.040001,70.449997,69.690002,70.010002,68.376671,9004600
2016-11-15,68.839996,69.849998,68.040001,69.050003,67.439064,11251900
2016-11-16,66.230003,68.839996,65.120003,67.019997,65.456429,16720100
2016-11-17,67.019997,68.040001,66.550003,67.949997,66.364723,9521500
2016-11-18,67.91999799999999,69.58000200000001,67.769997,69.309998,67.693001,10624600
2016-11-21,69.41999799999999,69.699997,68.83000200000001,69.410004,67.790672,6062400
2016-11-22,70.190002,71.970001,69.699997,71.589996,69.91980699999999,10677700
2016-11-23,71.83000200000001,72.370003,71.620003,71.769997,70.09560400000001,5490800
2016-11-25,71.900002,72.339996,71.599998,72.209999,70.525352,2710600
2016-11-28,71.839996,72.18,71.150002,71.199997,69.53890200000001,5315900
2016-11-29,71.339996,71.690002,70.550003,70.709999,69.060333,5870400
2016-11-30,70.75,71.110001,70.440002,70.550003,68.904076,6377300
2016-12-01,70.339996,71.019997,69.91999799999999,71.0,69.343575,7626900
2016-12-02,71.139999,72.809998,71.08000200000001,72.309998,70.623001,7248600
2016-12-05,72.41999799999999,73.139999,72.389999,72.660004,70.964851,7497000
2016-12-06,72.58000200000001,73.110001,72.339996,72.459999,70.769508,6478500
2016-12-07,72.620003,76.470001,72.519997,76.400002,74.617592,9268200
2016-12-08,75.470001,76.370003,74.970001,75.239998,73.48465,7711500
2016-12-09,75.099998,75.389999,74.529999,74.690002,72.947487,5553800
2016-12-12,74.290001,74.959999,74.059998,74.510002,72.77169,6036500
2016-12-13,74.870003,75.190002,74.370003,74.650002,72.908417,6357700
2016-12-14,74.709999,75.230003,73.449997,73.559998,71.843849,6790100
2016-12-15,73.730003,74.489998,73.5,73.66999799999999,71.951279,6211200
2016-12-16,73.879997,74.160004,72.650002,72.959999,71.257851,7037000
2016-12-19,72.620003,73.519997,72.559998,72.91999799999999,71.218773,5056300
2016-12-20,73.050003,74.480003,72.800003,74.269997,72.537277,5348500
2016-12-21,74.089996,74.32,73.800003,74.190002,72.45916,2942800
2016-12-22,73.550003,74.089996,72.879997,73.010002,71.306686,4008500
2016-12-23,73.099998,73.290001,72.239998,72.300003,70.613251,3569900
2016-12-27,72.589996,72.75,71.959999,72.230003,70.544884,3868800
2016-12-28,72.449997,72.470001,71.459999,71.57,69.900269,4227400
2016-12-29,71.5,71.900002,71.239998,71.339996,69.67564399999999,3999600
2016-12-30,71.629997,72.08000200000001,70.779999,71.120003,69.460785,3877700
2017-01-03,71.709999,71.91999799999999,70.489998,70.949997,69.294731,6412200
2017-01-04,71.18,72.230003,71.050003,71.809998,70.134674,5863700
2017-01-05,71.440002,71.790001,70.760002,71.07,69.41194200000001,4420200
2017-01-06,71.199997,71.400002,70.540001,70.949997,69.294731,4645500
2017-01-09,70.93,71.32,70.900002,71.07,69.41194200000001,3559600
2017-01-10,70.949997,71.699997,70.66999799999999,71.209999,69.548668,4133800
2017-01-11,71.160004,71.370003,70.559998,71.260002,69.597511,3432200
2017-01-12,71.25,71.639999,70.800003,71.58000200000001,69.910042,4310600
2017-01-13,71.400002,72.610001,71.389999,72.150002,70.46674300000001,6948000
2017-01-17,71.620003,73.209999,71.389999,72.379997,70.691376,5466800
2017-01-18,72.099998,72.099998,71.059998,71.379997,69.714714,8788300
2017-01-19,71.290001,72.650002,71.150002,71.599998,69.929573,6274000
2017-01-20,71.629997,71.93,71.260002,71.760002,70.08584599999999,5613900
2017-01-23,71.239998,72.839996,71.239998,72.58000200000001,71.234154,5361300
2017-01-24,72.610001,74.029999,72.510002,74.0,72.627815,5736800
2017-01-25,74.290001,74.75,73.040001,73.059998,71.705238,5372700
2017-01-26,73.379997,73.83000200000001,72.870003,73.230003,71.872101,5268800
2017-01-27,73.290001,73.43,72.720001,73.25,71.891724,4183700
2017-01-30,73.089996,73.639999,72.57,73.57,72.205795,3856000
2017-01-31,72.839996,73.540001,72.75,73.08000200000001,71.724876,4537500
2017-02-01,72.910004,73.029999,72.32,72.349998,71.008408,4006600
2017-02-02,72.730003,72.790001,71.900002,71.949997,70.615829,3538300
2017-02-03,72.120003,73.400002,71.790001,73.290001,71.930992,6311700
2017-02-06,72.959999,73.199997,72.400002,72.610001,71.263588,5166800
2017-02-07,72.849998,72.989998,72.110001,72.239998,70.900459,3749500
2017-02-08,72.610001,72.769997,72.209999,72.449997,71.10655200000001,4029600
2017-02-09,72.449997,73.690002,72.43,73.529999,72.166534,4041000
2017-02-10,73.41999799999999,74.040001,73.110001,73.970001,72.598381,3661300
2017-02-13,74.08000200000001,74.260002,73.58000200000001,73.900002,72.529663,3007800
2017-02-14,74.059998,75.889999,73.959999,75.720001,74.31591800000001,8106600
2017-02-15,75.470001,77.470001,75.349998,76.910004,75.483856,10410300
2017-02-16,76.910004,77.400002,75.660004,76.32,74.9048,4686200
2017-02-17,76.160004,76.739998,75.940002,76.739998,75.317009,5446200
2017-02-21,77.5,77.519997,76.459999,77.25,75.817551,5294100
2017-02-22,77.33000200000001,77.449997,76.599998,76.800003,75.375908,3711600
2017-02-23,77.150002,77.209999,75.730003,75.800003,74.39444,5663400
2017-02-24,75.910004,76.339996,75.410004,76.099998,74.688873,11147700
2017-02-27,76.199997,76.449997,75.690002,76.41999799999999,75.002937,4005300
2017-02-28,75.910004,75.93,74.16999799999999,74.370003,72.990959,10698500
2017-03-01,81.279999,82.849998,80.599998,81.449997,79.939674,21443900
2017-03-02,81.370003,81.400002,80.279999,80.400002,78.909142,8424000
2017-03-03,80.599998,81.870003,80.559998,81.68,80.165405,6554000
2017-03-06,81.269997,81.5,81.019997,81.019997,79.517639,6611900
2017-03-07,81.0,81.32,80.650002,80.839996,79.340981,4718000
2017-03-08,80.839996,81.720001,80.839996,81.33000200000001,79.821899,4869200
2017-03-09,81.360001,81.809998,81.07,81.16999799999999,79.664864,3806600
2017-03-10,81.559998,82.0,81.440002,81.58000200000001,80.067276,4091100
2017-03-13,81.58000200000001,81.989998,81.360001,81.58000200000001,80.067276,4303500
2017-03-14,81.68,82.18,81.309998,81.940002,80.42059300000001,4383400
2017-03-15,82.0,83.32,81.980003,83.269997,81.725922,4786400
2017-03-16,83.32,84.0,83.07,83.220001,81.676849,4847300
2017-03-17,83.620003,83.739998,82.980003,83.529999,81.981102,5706500
2017-03-20,83.529999,83.529999,82.139999,82.349998,80.822983,6068300
2017-03-21,82.82,83.300003,81.709999,81.91999799999999,80.40095500000001,5110800
2017-03-22,82.25,82.93,81.790001,82.349998,80.822983,4569100
2017-03-23,82.349998,83.050003,82.120003,82.449997,80.921127,3407200
2017-03-24,82.519997,82.889999,81.889999,82.209999,80.685577,3456900
2017-03-27,81.269997,82.059998,81.040001,81.559998,80.04763,4498100
2017-03-28,81.519997,82.650002,81.470001,82.400002,80.872055,4351300
2017-03-29,82.260002,82.620003,81.720001,82.209999,80.685577,3968400
2017-03-30,82.089996,82.550003,81.889999,82.300003,80.77391800000001,3740800
2017-03-31,82.010002,82.550003,81.809998,82.209999,80.685577,4557000
2017-04-03,83.110001,83.139999,81.75,82.040001,80.51873,5422900
2017-04-04,81.910004,82.08000200000001,81.260002,81.589996,80.077072,4994700
2017-04-05,81.75,82.690002,81.57,81.620003,80.10652900000001,4083100
2017-04-06,81.870003,82.459999,81.790001,81.970001,80.450027,3471800
2017-04-07,81.910004,82.400002,81.910004,82.139999,80.61688199999999,3243700
2017-04-10,82.08000200000001,82.989998,82.08000200000001,82.41999799999999,80.891693,2987900
2017-04-11,82.279999,82.75,81.760002,82.410004,80.881866,3111700
2017-04-12,81.849998,82.16999799999999,81.290001,81.870003,80.351883,3713800
2017-04-13,81.629997,81.91999799999999,81.050003,81.059998,79.5569,3846400
2017-04-17,81.059998,81.980003,81.050003,81.949997,80.430397,3308100
2017-04-18,81.800003,82.32,81.650002,82.129997,80.607063,3036500
2017-04-19,82.489998,82.739998,81.959999,81.989998,80.46965,3937300
2017-04-20,82.41999799999999,83.559998,82.33000200000001,83.290001,81.745552,4538900
2017-04-21,83.260002,83.699997,82.970001,83.470001,81.922226,5233500
2017-04-24,84.0,84.470001,83.58000200000001,84.16999799999999,82.95708499999999,4553600
2017-04-25,84.779999,85.309998,84.07,84.510002,83.292191,5825200
2017-04-26,84.610001,85.650002,84.410004,85.230003,84.001808,4407700
2017-04-27,85.449997,85.760002,84.860001,85.269997,84.041229,6586300
2017-04-28,85.160004,85.290001,84.050003,84.879997,83.656853,4790400
2017-05-01,84.839996,85.099998,84.230003,84.400002,83.183769,3842000
2017-05-02,84.760002,85.43,84.190002,85.379997,84.149651,4251500
2017-05-03,85.410004,86.0,85.139999,85.529999,84.297485,3711800
2017-05-04,85.769997,85.860001,85.0,85.400002,84.16935699999999,3429400
2017-05-05,85.699997,86.0,85.089996,86.0,84.760719,3027900
2017-05-08,86.0,86.18,85.410004,86.0,84.760719,4111000
2017-05-09,86.199997,86.25,85.610001,85.849998,84.61286899999999,5666200
2017-05-10,85.870003,86.129997,85.449997,86.059998,84.819847,5151900
2017-05-11,85.75,85.82,84.18,84.699997,83.479446,6382000
2017-05-12,84.699997,85.029999,84.290001,84.82,83.597725,3569200
2017-05-15,85.190002,86.059998,84.849998,85.190002,83.96238699999999,7388000
2017-05-16,86.0,86.199997,85.029999,85.360001,84.129944,5682600
2017-05-17,85.360001,85.360001,83.66999799999999,83.75,82.543137,4973500
2017-05-18,83.75,84.440002,83.629997,84.050003,82.838821,4590800
2017-05-19,84.160004,84.91999799999999,83.900002,84.589996,83.371033,3882900
2017-05-22,84.83000200000001,84.91999799999999,83.980003,84.050003,82.838821,7376500
2017-05-23,84.139999,84.190002,82.150002,82.339996,81.15345,9510000
2017-05-24,79.33000200000001,80.279999,78.400002,79.849998,78.699341,18988900
2017-05-25,80.059998,81.660004,79.980003,81.33000200000001,80.158012,10284700
2017-05-26,81.260002,81.480003,80.559998,80.910004,79.744064,4571600
2017-05-30,80.769997,80.809998,79.279999,79.410004,78.26567800000001,6942300
2017-05-31,79.519997,79.639999,78.099998,78.769997,77.63490300000001,8678100
2017-06-01,78.769997,80.43,78.290001,80.43,79.270981,6340100
2017-06-02,80.029999,80.739998,80.029999,80.220001,79.064003,4387700
2017-06-05,80.25,80.33000200000001,79.410004,79.440002,78.295242,3426600
2017-06-06,78.860001,79.190002,78.519997,78.699997,77.56591,7719900
2017-06-07,78.800003,78.93,77.699997,77.790001,76.669022,5741200
2017-06-08,77.790001,78.480003,77.550003,77.639999,76.521187,7187000
2017-06-09,77.769997,78.849998,77.709999,78.650002,77.516624,5979000
2017-06-12,78.470001,79.139999,78.360001,79.029999,77.89115100000001,6262700
2017-06-13,79.040001,79.809998,78.910004,79.650002,78.50222,4459000
2017-06-14,79.809998,81.040001,79.32,80.559998,79.399101,5195000
2017-06-15,80.099998,80.489998,79.699997,80.389999,79.23156,6004900
2017-06-16,80.139999,80.360001,79.239998,79.800003,78.650063,7752900
2017-06-19,80.230003,81.349998,79.57,81.08000200000001,79.911606,4477800
2017-06-20,81.0,81.449997,80.370003,80.459999,79.300552,4234300
2017-06-21,80.480003,80.809998,79.040001,79.139999,77.999565,4752000
2017-06-22,79.199997,79.349998,78.300003,78.339996,77.21109,8240900
2017-06-23,78.379997,78.410004,75.83000200000001,76.07,74.97380799999999,13573700
2017-06-26,76.33000200000001,76.949997,76.300003,76.699997,75.594719,5210800
2017-06-27,76.480003,77.110001,75.790001,76.33000200000001,75.23005699999999,7801700
2017-06-28,76.629997,77.220001,76.519997,77.019997,75.91011800000001,4368400
2017-06-29,77.099998,77.190002,76.160004,76.599998,75.49616999999999,3877400
2017-06-30,76.529999,77.940002,76.529999,77.529999,76.412766,4681300
2017-07-03,78.0,78.449997,77.989998,78.260002,77.13225600000001,2287900
2017-07-05,78.239998,78.389999,77.029999,77.370003,76.255081,3930000
2017-07-06,77.07,77.300003,76.43,76.589996,75.486313,4439700
2017-07-07,76.730003,77.300003,76.650002,77.150002,76.038246,3904900
2017-07-10,77.300003,77.470001,76.849998,76.91999799999999,75.811554,4611900
2017-07-11,76.980003,77.120003,76.019997,76.25,75.151222,5139100
2017-07-12,76.599998,76.91999799999999,76.029999,76.220001,75.121651,4379300
2017-07-13,76.510002,76.910004,76.279999,76.519997,75.41731999999999,4648200
2017-07-14,76.529999,76.699997,75.739998,76.059998,74.963951,4778400
2017-07-17,76.059998,76.66999799999999,75.940002,76.43,75.328621,3960600
2017-07-18,76.239998,76.410004,75.879997,75.959999,74.86539499999999,3174100
2017-07-19,76.239998,77.150002,76.209999,76.83000200000001,75.722862,4233600
2017-07-20,75.959999,76.139999,71.58000200000001,72.559998,71.514381,23892100
2017-07-21,72.75,74.110001,72.720001,73.839996,72.77594,11614600
2017-07-24,73.5,74.760002,73.059998,74.309998,73.64810200000001,7749200
2017-07-25,74.690002,76.18,74.510002,75.690002,75.015816,6507000
2017-07-26,75.690002,76.33000200000001,75.300003,75.980003,75.30323,4481600
2017-07-27,75.83000200000001,77.68,75.809998,77.0,76.31414000000001,6934800
2017-07-28,76.959999,77.349998,76.199997,76.480003,75.79878199999999,5000600
2017-07-31,76.57,77.519997,76.370003,77.400002,76.71057900000001,6833300
2017-08-01,77.269997,77.959999,76.25,77.83000200000001,77.13675699999999,3741200
2017-08-02,77.57,78.150002,77.5,77.860001,77.166489,3739000
2017-08-03,78.139999,78.910004,77.860001,77.910004,77.216042,3833200
2017-08-04,78.459999,78.57,77.68,78.370003,77.671944,2493000
2017-08-07,78.5,78.839996,78.089996,78.32,77.622383,4236500
2017-08-08,78.269997,78.33000200000001,77.129997,77.209999,76.52226999999999,4411300
2017-08-09,77.0,78.360001,76.599998,78.339996,77.642204,3508400
2017-08-10,77.800003,77.989998,76.620003,77.010002,76.32405899999999,4028600
2017-08-11,76.760002,77.510002,76.66999799999999,77.260002,76.571831,3089300
2017-08-14,77.800003,78.129997,77.18,77.720001,77.027733,3577100
2017-08-15,77.900002,77.900002,74.18,74.300003,73.638199,9113400
2017-08-16,74.660004,75.550003,74.610001,75.349998,74.678841,4900400
2017-08-17,75.269997,75.529999,74.110001,74.120003,73.459801,6006800
2017-08-18,74.019997,74.190002,73.220001,73.639999,72.98406999999999,5153600
2017-08-21,73.870003,74.489998,73.339996,73.849998,73.1922,8139500
2017-08-22,74.08000200000001,75.93,73.910004,75.82,75.144653,7612800
2017-08-23,71.949997,73.410004,70.760002,73.010002,72.359688,26364300
2017-08-24,73.199997,73.870003,72.32,72.610001,71.96324200000001,10580200
2017-08-25,72.629997,73.629997,72.529999,73.349998,72.696655,6425500
2017-08-28,74.400002,75.230003,73.629997,73.800003,73.142647,6499800
2017-08-29,73.720001,74.16999799999999,73.279999,73.449997,72.795761,6833300
2017-08-30,73.5,74.269997,73.410004,73.910004,73.251663,6621500
2017-08-31,74.5,74.83000200000001,73.889999,73.889999,73.231842,9008900
2017-09-01,74.190002,74.779999,73.720001,74.650002,73.985077,4817300
2017-09-05,75.269997,76.139999,75.029999,75.68,75.005905,8208700
2017-09-06,76.5,77.519997,76.41999799999999,77.470001,76.779953,8196700
2017-09-07,78.33000200000001,78.739998,76.5,77.68,76.988091,10408600
2017-09-08,78.050003,79.349998,77.629997,78.559998,77.86024499999999,11616600
2017-09-11,77.940002,78.25,76.589996,77.5,76.809685,7582200
2017-09-12,77.879997,78.800003,77.529999,78.660004,77.959358,5239100
2017-09-13,78.83000200000001,79.43,77.720001,77.860001,77.166489,7471900
2017-09-14,77.900002,78.589996,77.900002,78.459999,77.761139,5601200
2017-09-15,78.43,78.779999,77.949997,77.989998,77.295326,14518200
2017-09-18,77.83000200000001,78.190002,77.309998,77.66999799999999,76.97818000000001,8341900
2017-09-19,77.75,78.150002,77.199997,77.489998,76.799774,5989100
2017-09-20,77.230003,78.08000200000001,77.199997,77.910004,77.216042,6672100
2017-09-21,78.0,78.209999,77.489998,78.040001,77.344879,6188200
2017-09-22,78.08000200000001,78.440002,78.0,78.230003,77.533188,5981200
2017-09-25,78.260002,79.519997,78.260002,79.339996,78.63329300000001,8822400
2017-09-26,79.540001,79.82,78.940002,79.290001,78.583748,5260600
2017-09-27,79.559998,79.800003,78.629997,79.230003,78.524284,5100400
2017-09-28,79.099998,79.690002,78.900002,79.449997,78.742317,4631700
2017-09-29,79.58000200000001,80.150002,79.33000200000001,79.940002,79.227951,4451600
2017-10-02,80.040001,81.269997,79.849998,80.790001,80.07038100000001,7335000
2017-10-03,80.889999,81.610001,80.860001,81.349998,80.62539699999999,3967700
2017-10-04,81.32,81.739998,81.059998,81.459999,80.734421,4277500
2017-10-05,81.379997,82.739998,81.279999,82.260002,81.52729000000001,5202900
2017-10-06,82.150002,82.639999,81.589996,81.860001,81.130852,4076400
2017-10-09,81.900002,82.410004,81.529999,81.739998,81.01191700000001,3815400
2017-10-10,81.639999,81.870003,81.019997,81.099998,80.377617,4070400
2017-10-11,81.16999799999999,81.559998,81.040001,81.209999,80.486649,4912100
2017-10-12,81.199997,81.83000200000001,80.739998,81.57,80.843437,3463000
2017-10-13,81.720001,82.519997,81.57,82.33000200000001,81.596664,5530000
2017-10-16,82.239998,82.440002,81.099998,81.199997,80.47673,4688000
2017-10-17,81.279999,81.68,80.230003,81.110001,80.387535,5517700
2017-10-18,81.160004,81.32,80.709999,80.75,80.030739,4062000
2017-10-19,80.68,81.400002,80.43,81.269997,80.546112,3339400
2017-10-20,81.559998,81.639999,79.940002,80.040001,79.327072,6506600
2017-10-23,80.230003,81.199997,80.120003,80.410004,79.693771,5818100
2017-10-24,79.860001,81.160004,79.739998,81.160004,80.849335,4930400
2017-10-25,81.139999,81.550003,80.529999,80.989998,80.67997700000001,4258900
2017-10-26,81.110001,82.480003,80.959999,81.529999,81.217911,5134000
2017-10-27,80.75,81.019997,79.41999799999999,80.610001,80.30143699999999,7317100
2017-10-30,80.269997,80.32,79.400002,79.410004,79.106033,7204600
2017-10-31,79.5,80.209999,79.449997,79.949997,79.643959,5066600
2017-11-01,79.620003,80.5,79.41999799999999,79.91999799999999,79.614075,4605500
2017-11-02,79.199997,79.300003,75.360001,76.650002,76.35659799999999,11445200
2017-11-03,76.989998,78.110001,76.620003,77.91999799999999,77.621727,5412000
2017-11-06,78.309998,78.370003,77.269997,77.410004,77.113686,3870900
2017-11-07,77.709999,78.32,77.220001,77.629997,77.33284,4611900
2017-11-08,77.5,78.519997,77.190002,78.089996,77.791077,4745700
2017-11-09,77.900002,78.309998,77.389999,78.08000200000001,77.78112,4536400
2017-11-10,77.93,78.019997,77.279999,77.489998,77.193375,7451900
2017-11-13,77.5,77.879997,77.190002,77.529999,77.233223,6964100
2017-11-14,77.16999799999999,79.260002,77.139999,79.230003,78.92671999999999,6499200
2017-11-15,79.0,79.040001,78.269997,78.370003,78.070015,5200400
2017-11-16,78.699997,79.550003,78.230003,79.470001,79.165802,5529000
2017-11-17,79.510002,80.5,79.16999799999999,80.220001,79.912926,6966500
2017-11-20,81.279999,81.900002,80.379997,81.459999,81.148178,7507100
2017-11-21,79.699997,82.220001,79.5,80.589996,80.281509,13081200
2017-11-22,80.839996,81.18,79.550003,79.559998,79.255455,7001400
2017-11-24,79.93,79.949997,79.110001,79.239998,78.936676,2842000
2017-11-27,79.949997,80.779999,79.540001,79.83000200000001,79.524422,6651100
2017-11-28,79.690002,81.739998,79.690002,81.68,81.36734,7636900
2017-11-29,81.75,84.360001,81.599998,83.300003,82.98114,10573500
2017-11-30,83.449997,84.68,83.099998,83.370003,83.050873,9110000
2017-12-01,83.239998,84.41999799999999,82.120003,84.230003,83.907585,4935300
2017-12-04,84.940002,88.480003,84.709999,88.040001,87.702995,13046100
2017-12-05,88.029999,88.550003,86.279999,86.309998,85.979614,9666000
2017-12-06,83.5,86.089996,82.370003,82.400002,82.084587,12291000
2017-12-07,82.410004,83.739998,82.230003,83.629997,83.309875,10391100
2017-12-08,83.849998,85.730003,83.849998,85.599998,85.27233100000001,7696300
2017-12-11,85.58000200000001,86.099998,85.209999,85.540001,85.212563,6775400
2017-12-12,85.529999,85.709999,84.879997,84.989998,84.664665,7125600
2017-12-13,85.349998,85.790001,85.110001,85.599998,85.27233100000001,5956700
2017-12-14,86.040001,86.349998,85.379997,85.58000200000001,85.252411,3908500
2017-12-15,85.980003,87.139999,85.970001,86.690002,86.358162,7933000
2017-12-18,87.120003,88.089996,87.040001,87.440002,87.105293,7188500
2017-12-19,87.849998,89.33000200000001,87.230003,88.860001,88.519859,5659300
2017-12-20,89.230003,90.940002,88.93,90.190002,89.844765,6527400
2017-12-21,89.959999,91.029999,89.900002,90.730003,90.382698,5826400
2017-12-22,90.910004,91.25,90.190002,91.190002,90.840942,3620900
2017-12-26,91.300003,92.08000200000001,91.110001,91.889999,91.53825400000001,2757600
2017-12-27,91.959999,92.400002,91.889999,92.110001,91.757416,2761200
2017-12-28,92.540001,92.940002,92.16999799999999,92.860001,92.504547,3563800
2017-12-29,93.410004,93.550003,92.910004,92.940002,92.584244,3372000
